5 4
11.4 3.1 7.3 7.5
8.4 9.6 6.6 0.7
3.5 10.6 5.0 11.3
8.7 1.9 3.9 1.0
4.6 1.0 10.4 12.1
3.7 8.2 18.2 5.1
4.3 2.8 4.9 14.1
35.0 12.4 3.2 8.5
14.6 3.7 3.8 3.3
2.5 11.8 8.5 3.7
15.4 3.9 9.9 8.5
1.0 33.0 3.5 12.6
5.8 9.4 0.8 1.9
6.3 1.9 1.4 2.8
2.6 9.7 0.2 8.1
0.3 12.1 15.7 8.0
6.8 2.7 0.3 6.5
23.5 2.3 5.9 12.7
1.8 0.7 4.1 22.1
8.5 13.4 4.7 5.1
4.7 1.9 14.1 13.7
5.7 24.1 0.9 7.3
15.3 14.1 14.1 2.5
15.9 5.6 12.4 1.6
32.0 1.4 11.0 5.6
14.2 23.2 7.9 2.5
0.9 15.1 20.3 10.6
3.7 5.9 11.4 26.4
8.3 7.6 21.5 1.0
6.3 5.8 1.7 0.7
0.2 8.9 2.8 2.3
0.9 11.0 1.9 1.6
19.0 9.6 4.3 5.4
7.5 7.6 13.9 2.4
0.7 6.4 3.9 3.8
0.1 1.4 10.3 13.1
4.5 1.5 12.0 12.0
4.8 2.5 2.0 12.5
2.3 2.1 7.0 5.5
2.5 27.3 5.1 10.2
6.4 12.2 9.9 4.9
0.1 2.2 9.3 0.1
8.3 2.9 6.6 5.3
9.5 9.6 2.1 1.0
5.9 4.5 14.9 1.5
6.5 13.2 10.5 6.3
4.2 2.9 0.9 9.1
7.7 2.4 5.2 19.2
8.5 3.1 1.1 8.0
13.3 5.7 0.7 8.1
8.6 1.7 4.1 13.9
9.4 1.3 1.0 20.3
11.9 6.5 8.4 9.0
19.6 0.4 12.4 12.4
1.3 2.4 1.2 7.0
0.7 3.4 7.0 3.6
4.9 2.6 13.9 4.8
8.4 8.8 14.1 6.5
14.0 14.1 4.0 2.6
6.3 6.4 23.6 8.0
11.4 14.6 17.4 11.3
0.9 0.8 7.5 2.6
11.3 1.2 16.8 5.4
5.7 5.1 1.8 2.9
6.1 0.1 18.3 15.5
1.3 5.1 6.3 12.0
4.4 5.4 0.7 1.6
3.2 2.1 27.2 10.8
3.4 2.3 0.3 1.0
2.8 2.1 4.2 5.8
22.2 0.1 4.4 5.2
16.5 0.6 7.2 19.7
4.7 16.0 11.0 12.2
2.0 2.7 6.1 1.3
3.7 15.0 4.6 2.1
1.3 11.5 12.6 7.8
4.7 11.4 10.8 2.3
10.6 13.7 10.8 3.4
22.2 2.5 26.6 6.2
3.7 6.1 14.3 8.9
1.4 11.0 9.2 9.0
10.7 10.1 8.7 0.1
5.5 0.0 0.4 2.5
12.2 9.6 17.4 5.6
14.1 3.8 17.8 6.1
20.1 11.2 1.2 3.4
5.7 11.6 4.6 3.9
2.4 2.1 2.3 0.8
5.6 4.4 17.5 4.1
2.4 6.7 7.4 6.1
9.2 10.2 3.1 12.9
7.2 2.9 3.8 10.2
2.5 5.1 0.1 3.5
13.6 7.3 7.2 3.3
0.2 12.4 7.3 5.6
2.6 0.5 11.4 4.1
9.2 21.8 15.4 26.7
4.5 11.7 5.5 15.0
6.8 10.1 8.9 2.3
11.7 4.0 0.9 0.5
17.8 3.8 5.9 8.1
2.7 14.3 3.6 2.3
2.3 7.1 5.4 13.4
16.6 14.2 7.1 1.2
5.7 9.7 5.4 3.8
4.9 4.4 3.1 6.5
9.1 29.5 7.2 8.3
0.2 10.0 9.6 4.1
6.9 6.7 8.3 2.3
6.7 12.5 0.6 3.1
5.7 14.2 4.8 14.6
5.9 3.3 4.5 13.7
24.2 9.0 5.8 11.8
3.6 7.9 3.3 15.9
4.4 4.3 9.3 15.1
4.5 3.2 8.5 6.2
3.3 21.6 11.3 3.3
3.2 1.5 4.0 0.9
1.6 14.2 4.0 5.5
16.3 2.6 1.2 6.6
4.4 5.1 10.2 12.8
2.8 8.9 3.5 14.3
3.6 22.4 8.9 1.6
11.6 1.0 7.9 13.7
7.6 6.5 22.1 14.9
11.7 2.0 10.7 5.2
17.5 2.5 23.5 0.8
7.4 11.3 10.1 6.3
11.5 8.2 15.4 4.4
5.8 9.1 1.0 3.5
0.8 11.5 7.9 12.0
4.4 8.5 7.6 11.8
7.2 7.2 1.0 2.3
3.6 1.0 5.8 3.4
5.0 4.7 10.5 8.0
3.8 19.6 8.5 5.6
6.4 18.9 7.1 6.0
5.3 22.9 4.2 4.1
8.1 10.5 1.6 11.5
17.0 1.8 0.8 8.8
9.4 5.0 10.0 9.5
4.6 4.5 12.5 3.1
20.1 5.0 28.9 15.1
12.1 14.2 4.2 23.0
16.4 13.3 4.1 8.1
5.3 1.0 7.1 5.4
2.3 5.9 7.0 3.3
10.9 0.5 2.3 4.5
4.3 0.8 1.2 2.6
1.5 17.3 9.2 8.5
0.6 8.7 0.9 4.7
11.3 3.3 16.8 1.4
6.1 8.9 3.6 2.4
10.4 3.3 6.3 0.1
2.6 14.8 2.6 6.8
2.3 5.2 3.9 3.1
3.4 11.9 12.8 8.7
13.4 10.8 24.9 18.9
6.7 2.5 1.8 12.3
2.9 1.3 2.5 30.4
0.4 12.1 7.5 0.9
2.7 4.6 2.3 8.2
15.1 7.4 7.9 10.1
14.0 2.8 2.2 8.5
0.5 12.5 12.5 4.8
0.4 23.7 6.6 13.0
4.7 6.2 3.8 15.6
8.0 5.8 5.4 2.6
6.1 4.1 4.3 3.4
8.5 5.6 9.3 6.0
6.4 3.4 4.1 5.7
2.9 1.0 13.4 10.4
1.5 6.2 8.8 13.1
7.2 6.6 4.8 13.1
4.0 7.5 11.6 11.5
14.4 6.8 13.2 1.1
12.6 1.2 10.9 17.7
10.8 7.6 1.7 5.6
5.5 8.0 1.3 12.9
4.4 18.2 13.8 0.0
12.9 2.7 3.7 6.7
7.0 1.2 11.5 0.2
19.4 0.2 6.3 20.0
0.9 7.0 7.7 6.4
0.1 8.7 12.7 10.7
2.6 8.0 4.5 1.5
1.3 23.9 13.8 1.5
5.7 1.3 7.9 24.4
10.2 1.8 15.2 14.5
7.9 10.9 8.3 10.3
6.9 24.9 4.9 2.4
6.2 5.5 3.3 0.4
16.5 9.4 13.4 10.8
20.8 10.4 9.6 22.2
3.9 5.3 6.9 12.7
10.3 0.3 10.7 8.2
3.8 17.0 7.9 8.9
16.9 1.9 9.6 16.1
11.0 0.1 1.9 7.0
8.8 12.5 0.2 3.4
3.2 10.0 5.4 4.6
7.7 5.9 9.5 1.0
0.2 1.2 7.0 6.0
21.7 4.6 7.2 8.4
10.6 10.5 11.4 3.0
1.5 1.9 9.4 14.4
0.9 8.9 13.8 8.2
34.6 5.2 23.5 0.2
2.5 13.9 10.8 7.2
4.4 10.2 1.7 6.1
11.5 5.5 14.9 6.9
3.6 0.5 10.1 17.0
11.3 8.6 13.8 2.5
13.6 14.0 2.4 0.7
10.9 8.7 6.2 0.6
13.1 5.6 13.4 12.3
1.9 10.0 2.0 8.2
5.8 6.6 3.5 4.3
5.4 10.8 3.6 8.7
0.1 1.1 2.5 0.6
3.9 41.7 11.1 2.8
3.5 8.2 6.2 3.3
17.6 2.3 7.3 2.5
6.3 6.9 10.8 1.0
18.9 1.2 1.0 12.8
20.8 11.0 1.0 2.1
4.0 1.1 4.9 8.7
10.7 6.1 4.7 14.0
12.6 1.7 17.4 3.9
6.7 13.4 10.6 3.1
2.3 11.2 1.8 18.5
17.4 2.9 10.5 12.1
10.7 1.1 7.5 7.7
12.0 16.4 9.9 2.8
14.9 3.9 19.9 4.9
2.3 11.9 9.2 6.9
4.1 10.5 8.9 8.8
4.5 1.5 3.4 11.6
4.9 2.7 1.6 12.0
13.8 1.0 7.9 3.9
19.5 4.9 7.1 14.4
5.1 7.5 2.0 5.1
18.2 5.6 0.1 3.6
2.2 0.9 15.0 2.1
10.4 4.5 32.0 0.9
3.8 4.5 13.5 6.0
0.6 14.6 10.6 2.2
2.9 2.9 19.8 4.1
4.3 7.5 12.6 15.9
3.1 4.1 12.8 6.9
7.4 0.7 2.9 9.1
2.6 11.6 0.5 2.3
4.3 13.6 30.5 4.7
12.0 4.7 12.4 3.2
5.6 29.8 11.8 17.7
0.0 3.9 13.3 10.0
10.7 3.3 0.4 10.5
12.8 22.5 5.1 1.8
1.5 4.2 4.4 4.7
13.2 3.1 25.5 5.8
3.6 4.7 13.9 0.3
12.4 14.5 15.8 1.8
5.5 1.7 8.7 6.9
16.9 1.1 8.9 3.2
3.6 5.5 1.5 5.6
2.0 13.8 5.0 2.6
0.4 7.3 2.0 13.9
1.0 11.3 0.3 3.8
21.5 12.1 8.6 16.6
17.0 0.8 1.2 7.2
9.9 4.8 9.3 17.7
7.5 11.2 4.4 4.8
1.5 16.0 9.3 14.3
4.6 10.1 4.1 7.9
1.3 8.4 18.6 0.7
7.9 5.5 0.4 3.1
1.1 7.3 11.3 1.1
10.1 1.3 1.1 5.5
10.2 19.7 11.1 12.4
9.0 4.4 5.2 8.2
9.4 3.1 4.5 1.6
1.2 5.2 2.4 3.6
2.2 17.7 7.9 0.2
11.2 0.7 0.3 3.2
3.1 1.5 3.1 10.3
1.6 16.1 1.6 17.3
14.7 13.8 31.7 1.2
1.5 0.1 9.7 3.6
20.4 5.6 4.7 4.4
3.0 16.0 11.8 15.7
7.3 8.4 5.3 15.7
19.6 2.9 0.8 1.8
19.1 1.9 11.6 10.6
15.5 6.1 13.3 0.4
3.7 6.4 8.7 6.5
7.5 12.6 10.7 24.1
4.9 15.1 4.9 1.4
21.2 15.5 6.2 7.7
1.4 29.9 5.8 3.3
3.1 18.0 6.4 22.1
2.7 3.7 9.1 0.0
7.8 10.2 1.1 1.8
16.2 0.6 9.2 8.6
20.6 3.2 16.8 16.2
9.7 20.4 0.9 4.5
0.5 5.8 14.6 2.4
3.9 1.3 31.8 16.5
11.5 12.1 17.8 6.1
1.1 4.9 12.9 6.4
8.8 10.2 5.4 12.7
0.4 9.9 10.1 1.8
19.1 5.1 7.4 0.0
8.8 3.9 13.1 9.1
13.1 9.9 8.9 9.7
18.9 18.0 13.0 12.3
20.9 17.9 9.1 1.5
17.0 3.3 0.2 6.4
13.8 6.5 9.0 1.6
0.4 6.2 0.1 3.0
9.3 13.4 12.1 3.3
1.4 0.9 3.9 5.2
0.4 19.5 1.8 8.1
3.7 1.8 3.4 4.5
2.0 15.8 12.4 7.1
4.5 3.9 17.4 5.9
0.2 20.3 2.9 6.5
0.2 0.1 1.0 5.5
1.8 2.8 0.8 4.6
9.2 8.9 10.4 6.1
6.4 4.1 4.1 20.9
1.8 0.1 7.2 6.4
4.6 14.2 14.7 13.9
14.8 7.8 7.8 9.2
19.2 5.0 17.1 7.0
7.1 6.4 15.2 7.2
0.1 22.3 2.7 2.2
4.1 3.2 9.2 4.6
3.7 3.6 11.8 6.5
4.6 7.1 2.4 11.7
5.3 8.3 12.6 11.0
5.2 6.9 11.9 5.9
5.8 17.2 4.7 5.1
8.5 8.8 4.3 1.0
2.1 8.9 5.3 8.2
11.9 13.7 5.8 3.3
18.4 3.2 5.6 24.7
10.4 9.1 19.6 23.5
1.2 15.6 5.9 14.0
10.1 9.4 2.5 8.8
3.6 15.6 4.9 16.9
6.7 4.6 5.3 14.9
6.4 8.2 6.0 11.8
3.7 1.3 24.8 9.8
13.7 1.2 6.4 2.8
14.6 14.9 15.0 17.3
9.1 1.3 1.4 0.6
8.5 6.7 14.4 19.3
3.1 14.6 7.2 8.6
4.2 2.1 4.8 0.1
6.5 8.1 8.7 11.8
10.1 10.6 12.5 15.6
13.7 3.7 7.4 0.3
10.1 5.6 14.1 8.2
2.8 9.1 13.8 17.0
14.7 11.4 7.0 3.0
0.8 0.4 15.7 4.7
15.1 4.9 3.2 25.4
10.5 3.0 3.9 0.6
6.1 14.7 4.7 8.5
0.3 17.1 2.7 5.1
0.0 0.2 5.6 16.9
14.6 13.5 6.1 7.3
11.4 12.1 4.7 2.8
9.9 4.6 0.6 11.5
3.1 0.8 7.7 3.0
3.7 22.4 11.1 7.0
12.5 4.0 1.4 12.2
3.1 0.9 6.5 6.1
0.1 9.5 14.1 4.2
0.9 9.4 9.3 3.0
0.2 5.3 4.5 6.3
10.9 9.9 6.9 3.1
5.3 1.1 15.4 15.4
2.8 5.5 0.1 2.1
1.7 4.1 5.6 12.2
2.5 13.0 16.4 5.6
4.2 1.3 6.2 15.6
1.8 12.4 1.1 7.1
0.1 9.9 11.2 4.1
1.2 8.8 2.8 20.0
4.5 11.7 6.6 6.1
12.3 2.8 5.4 2.4
6.8 2.1 8.2 2.7
1.1 11.0 7.6 3.8
16.1 18.5 9.7 0.9
10.4 6.2 0.6 15.5
5.0 4.6 2.2 7.6
8.7 10.0 8.1 17.0
5.6 7.6 1.4 7.3
0.0 23.0 17.6 13.6
14.9 4.8 1.9 2.5
11.4 4.6 2.7 2.8
8.1 5.7 1.7 8.4
3.1 2.9 6.1 3.8
8.5 8.8 10.4 8.6
0.7 12.8 9.7 2.6
4.0 12.5 1.5 12.3
3.9 10.6 8.4 6.0
14.9 8.9 3.6 6.1
10.7 0.8 6.1 5.5
6.3 11.9 9.7 7.8
12.1 8.3 4.9 23.0
12.4 6.9 5.1 0.3
0.6 1.9 3.1 1.5
7.7 7.0 9.6 7.6
18.8 1.3 9.0 7.3
0.1 0.6 8.8 10.1
0.8 18.0 0.4 14.5
0.8 5.9 13.5 8.6
2.4 1.8 1.8 11.7
8.6 4.2 12.1 7.9
3.8 10.1 3.9 17.8
14.7 15.6 14.0 6.5
19.1 3.5 6.2 20.8
12.0 2.5 9.9 23.2
16.7 9.3 7.1 2.9
20.0 6.6 12.7 9.9
0.1 3.3 0.5 0.3
5.2 5.5 16.2 1.4
12.5 1.9 16.1 7.7
12.5 0.2 18.6 12.4
8.7 3.4 14.7 13.5
13.9 11.9 14.9 4.3
26.9 13.2 9.8 7.5
10.0 12.6 16.2 4.2
0.2 3.3 6.6 17.6
1.2 3.2 5.0 0.6
1.9 8.5 3.8 6.6
12.7 12.5 6.5 7.2
24.6 4.3 15.4 0.0
13.6 12.5 2.0 2.6
3.1 0.3 0.2 5.4
17.0 2.4 3.0 0.8
6.7 8.7 2.0 5.1
16.6 26.2 13.9 10.8
7.4 21.9 1.3 8.4
0.9 1.3 7.5 16.6
5.0 1.3 1.7 23.4
0.5 4.1 10.7 3.0
11.1 9.0 10.2 1.9
3.0 5.2 7.0 11.4
1.9 0.8 4.0 2.4
9.0 4.0 8.3 13.8
12.5 10.0 0.1 0.4
25.2 18.2 0.5 16.9
0.1 5.8 12.6 12.5
3.1 1.3 0.6 2.4
11.2 17.5 8.4 7.5
19.1 2.4 9.7 6.7
5.8 13.2 5.1 6.7
6.5 3.9 4.6 8.8
5.5 5.1 6.9 7.4
11.4 10.5 0.2 2.3
16.9 4.2 2.6 6.0
10.1 12.0 5.5 3.5
16.6 0.0 24.3 3.3
19.7 9.4 16.0 5.4
15.9 8.7 6.6 6.3
7.8 4.1 6.7 5.5
2.9 3.2 5.8 1.1
1.5 20.3 17.0 8.2
1.1 1.0 5.2 17.6
6.6 6.3 7.9 7.7
9.3 5.7 8.7 1.2
0.2 5.4 7.2 9.5
1.2 4.7 3.6 11.4
12.1 14.8 15.8 12.4
0.9 0.4 5.3 10.9
11.9 4.8 5.0 8.5
4.8 9.7 3.0 10.5
7.0 5.7 2.4 5.4
13.3 9.3 8.6 12.6
16.8 10.0 16.5 2.7
4.3 14.0 10.7 6.9
12.1 9.3 15.2 23.8
2.1 4.4 25.8 0.9
8.4 13.6 8.5 10.8
6.0 18.9 6.1 9.8
11.2 8.6 2.8 10.4
12.0 5.1 5.9 8.1
1.4 4.3 5.3 7.6
6.7 16.8 4.7 1.9
5.9 7.3 1.2 1.5
5.3 1.4 1.1 10.5
23.1 8.2 1.9 17.8
5.2 18.3 0.7 16.6
4.8 11.8 6.6 2.6
3.9 7.7 5.2 3.1
9.8 3.6 23.3 8.4
18.7 2.5 24.2 7.5
9.5 5.4 7.3 4.1
2.8 14.4 10.9 6.4
3.3 12.1 8.2 5.9
22.5 2.4 1.7 14.4
7.1 0.3 1.9 2.1
0.7 6.5 11.1 1.6
5.1 1.3 8.2 6.9
14.6 3.3 7.8 18.0
12.0 3.0 3.0 10.2
0.3 6.1 5.5 0.1
4.3 0.2 2.8 0.0
1.8 0.5 7.8 11.9
11.5 9.5 4.9 0.7
14.6 11.4 6.6 15.3
12.0 14.3 12.5 0.7
5.7 3.8 18.2 5.4
8.7 12.9 14.5 9.5
6.3 17.2 4.6 1.5
4.6 9.1 0.1 3.8
10.0 3.3 14.0 3.3
4.9 7.4 24.3 6.9
0.7 10.8 3.6 0.2
3.4 3.2 11.1 23.9
5.9 7.6 7.9 17.5
4.5 23.0 11.5 9.1
13.2 15.8 15.5 21.8
4.9 12.9 9.6 9.6
0.4 8.0 5.9 14.6
10.7 9.4 7.9 5.4
5.2 3.6 7.9 3.0
5.6 3.3 4.9 6.6
3.0 15.5 15.5 18.8
8.4 12.2 1.4 16.9
9.9 1.5 0.8 10.1
12.5 2.1 9.5 6.8
8.4 2.5 3.3 3.2
0.8 12.9 0.0 6.3
17.4 12.0 12.2 1.9
7.5 9.4 2.4 3.0
0.7 18.7 11.6 6.8
21.2 3.7 11.0 2.0
2.5 6.2 4.2 12.1
9.5 2.2 15.6 15.5
19.6 3.3 10.5 4.0
4.4 19.7 6.5 13.0
32.0 35.7 6.6 16.4
13.4 2.8 0.9 5.8
5.8 8.7 19.1 4.4
0.5 10.3 7.0 11.6
11.8 10.9 13.1 0.0
4.3 19.5 15.5 11.3
8.0 1.1 7.2 8.1
6.8 10.7 2.2 4.1
3.2 1.0 3.2 8.5
0.9 4.6 14.1 14.8
12.3 3.9 7.4 4.4
4.5 2.1 12.3 6.2
12.1 16.8 0.1 6.9
8.0 0.9 17.2 1.3
13.2 7.3 0.1 7.9
4.3 6.3 4.9 6.2
0.8 5.8 3.8 0.1
9.9 7.0 0.4 12.7
6.8 8.8 14.2 17.4
5.6 2.5 14.9 4.0
10.2 4.4 16.6 6.6
2.7 11.6 9.1 4.3
2.3 7.5 3.2 2.6
7.6 10.1 6.9 4.1
3.4 3.6 17.1 7.6
1.9 7.8 6.2 4.9
19.7 3.9 9.5 9.9
0.8 27.2 10.3 22.3
11.1 0.7 3.8 5.3
10.8 10.4 18.3 16.6
0.7 5.2 11.5 10.3
7.1 4.7 6.8 6.5
10.0 1.6 1.9 11.8
2.7 7.4 14.4 4.9
7.2 10.3 9.2 5.1
9.8 0.8 21.6 4.9
8.9 11.2 15.9 2.2
4.5 11.6 0.8 4.5
6.8 1.2 3.9 4.0
4.1 8.5 5.8 8.7
4.4 2.8 2.7 3.1
3.6 0.0 5.3 5.2
2.2 7.9 11.4 1.5
2.1 8.4 6.4 0.7
7.8 14.2 7.9 7.1
12.3 3.5 6.9 11.5
21.6 8.6 12.1 2.3
6.1 3.7 6.1 7.7
12.5 1.1 2.9 0.9
6.4 9.3 21.7 3.0
2.5 16.0 12.0 6.8
12.3 6.4 0.2 10.0
5.3 3.8 5.8 8.2
11.3 12.2 19.3 13.4
20.7 1.8 5.8 4.5
6.1 0.6 5.8 7.0
10.5 9.3 4.1 7.4
11.9 1.5 3.6 3.8
14.2 11.9 6.4 4.6
1.7 12.4 9.1 7.8
13.6 10.5 0.4 5.5
0.7 0.0 17.3 5.2
14.1 3.0 3.9 0.3
0.4 2.2 3.1 7.5
20.2 8.6 13.7 1.8
3.8 9.1 0.4 12.2
2.5 1.6 8.9 2.2
14.3 2.1 1.4 18.9
6.1 1.2 6.4 4.7
7.9 8.3 6.2 3.5
1.7 11.5 11.7 8.5
2.0 0.3 8.2 6.7
9.6 4.2 13.0 6.4
4.5 8.3 3.7 15.2
7.6 0.1 0.4 2.8
9.5 3.0 5.2 1.6
6.9 3.9 3.5 1.1
5.6 17.0 13.6 2.1
3.5 3.2 2.7 5.6
13.0 7.4 5.8 9.4
0.1 0.2 2.1 3.9
11.1 21.2 1.0 3.2
16.3 2.6 2.6 11.7
1.9 7.5 17.2 17.7
23.9 2.6 10.7 5.9
1.3 5.9 7.1 2.0
0.8 11.2 15.6 8.5
3.2 4.6 2.6 17.6
0.5 5.3 5.3 5.6
3.5 2.3 2.9 7.8
11.8 8.6 9.2 16.6
10.3 11.6 8.8 4.8
14.2 5.6 8.9 19.8
4.3 11.0 5.6 7.2
2.0 4.1 4.1 1.6
5.2 2.8 2.6 0.6
0.7 5.6 4.0 0.3
23.2 2.4 2.9 13.8
3.1 17.5 1.6 23.5
4.7 5.7 19.5 12.4
4.2 0.9 16.3 7.3
3.6 7.5 9.6 3.6
7.0 2.7 8.8 24.6
17.8 25.8 4.4 6.3
2.8 3.0 6.7 7.6
7.0 10.4 25.7 4.8
3.3 7.8 7.2 1.5
10.9 1.8 0.0 1.8
2.8 12.0 3.1 12.0
10.9 5.6 13.0 19.1
8.3 12.1 3.6 2.4
11.1 1.7 12.3 1.0
9.6 5.2 15.1 12.6
10.0 3.8 12.9 7.4
7.5 2.6 2.6 3.1
2.8 1.5 10.4 15.7
6.6 11.2 2.7 5.9
7.7 20.9 4.0 3.3
6.5 17.5 8.8 7.5
4.5 0.7 6.5 4.8
14.4 5.0 5.1 12.2
8.0 3.0 5.3 2.4
3.1 0.5 4.0 0.7
27.6 2.2 12.1 1.1
14.8 8.6 1.1 5.6
11.0 4.0 0.2 2.3
3.3 1.0 7.1 15.2
5.9 10.5 1.6 7.9
5.3 1.5 13.5 12.3
17.6 2.6 5.4 11.6
4.7 1.5 1.8 1.3
12.9 15.7 16.0 1.6
6.1 1.7 14.2 11.7
1.8 13.0 2.6 0.3
2.6 0.7 12.6 18.3
6.2 12.0 0.4 10.3
11.0 0.7 12.7 3.7
0.7 3.5 4.1 5.9
8.1 1.3 11.8 0.9
8.1 12.2 10.0 2.8
3.0 6.0 0.4 20.0
9.8 4.3 11.9 8.9
3.8 8.1 12.3 2.5
2.9 4.0 3.4 6.2
10.0 7.8 15.6 2.2
7.0 7.8 3.6 11.4
2.9 1.1 1.3 10.0
2.4 0.3 11.3 8.6
6.7 2.8 3.2 2.8
7.6 13.1 5.9 4.9
4.4 16.2 6.8 8.5
16.1 10.6 1.5 13.3
14.1 24.1 8.3 8.8
2.2 7.3 1.9 0.8
3.6 8.9 19.1 14.7
3.1 1.6 12.6 7.0
8.9 14.2 4.4 3.0
0.9 16.7 15.5 0.5
29.7 8.5 5.8 1.3
13.7 4.2 12.4 13.7
5.7 7.4 6.0 15.7
9.7 2.4 9.1 5.9
1.9 5.9 3.3 4.4
13.3 12.3 4.9 0.5
5.2 5.6 3.7 0.7
2.3 12.6 9.9 4.4
5.5 3.1 6.3 21.4
2.9 2.6 14.2 3.6
15.2 4.6 10.3 3.4
9.3 5.8 22.2 6.7
8.5 6.4 3.0 7.0
18.2 10.1 7.7 8.6
7.6 7.1 1.8 5.8
1.5 3.8 8.2 5.3
2.8 4.1 6.8 2.7
8.0 15.9 7.9 3.9
2.9 18.6 14.5 6.2
7.5 13.2 5.7 2.9
1.5 4.4 8.5 18.2
6.4 13.0 7.5 4.9
4.7 19.1 3.4 25.1
4.8 7.0 4.2 6.9
2.6 4.4 2.1 1.5
5.8 5.7 0.8 1.0
3.7 0.7 10.0 17.0
3.3 6.7 1.3 14.5
0.8 16.8 7.1 0.2
13.2 9.5 0.4 3.0
5.3 4.6 8.7 6.5
8.4 2.9 2.9 10.8
2.3 0.4 14.8 13.6
18.8 9.7 1.2 8.8
1.9 7.0 4.4 8.0
4.7 1.0 6.8 6.0
1.1 2.4 12.6 16.8
14.3 8.5 1.9 10.9
6.7 5.5 8.1 2.2
6.7 17.2 6.7 7.8
13.0 8.0 8.0 6.0
15.4 3.5 8.6 3.2
4.0 8.1 2.7 0.8
0.2 5.9 21.3 1.6
9.6 4.9 3.0 0.5
10.7 16.2 7.4 8.2
12.0 14.2 8.2 17.2
4.0 6.2 6.5 3.3
4.3 1.0 10.2 19.9
9.1 10.5 5.3 6.9
21.0 12.8 2.8 4.7
9.8 4.2 26.1 2.6
5.1 5.1 0.0 5.7
4.9 12.2 0.1 3.1
1.7 12.4 7.9 11.3
2.2 5.4 16.6 2.8
11.9 0.4 6.6 17.1
9.0 1.4 0.5 16.0
14.9 11.9 15.3 11.3
14.5 15.6 3.7 2.0
13.1 9.1 2.6 18.2
3.6 3.0 19.3 11.5
8.6 5.9 1.4 5.1
12.0 2.6 13.7 3.6
4.0 3.7 4.1 16.3
7.0 7.4 7.1 19.3
4.4 12.9 8.1 12.5
11.9 9.9 4.8 0.8
14.0 4.4 12.4 12.0
17.5 4.3 0.7 7.9
11.1 6.1 1.0 17.3
3.9 17.3 3.2 7.8
3.6 3.9 16.6 7.8
4.1 1.0 11.2 2.1
1.4 6.1 4.1 8.7
11.2 12.3 3.5 4.2
6.4 9.2 0.1 1.6
9.8 5.6 6.4 6.8
8.6 7.5 8.2 10.6
13.0 10.5 6.7 10.7
3.2 10.9 12.1 7.0
8.9 5.7 13.2 3.7
4.3 5.3 6.0 9.7
0.9 28.9 5.1 1.7
5.7 5.6 13.7 17.3
19.8 32.3 12.4 7.0
3.5 3.4 15.7 3.8
0.6 5.5 10.6 7.0
2.7 2.6 3.6 19.9
8.0 1.4 25.2 4.8
0.6 3.2 9.2 6.0
5.3 12.6 7.3 13.7
2.0 1.8 12.4 0.6
2.1 5.9 7.6 2.6
2.0 1.2 1.5 13.3
5.9 2.4 11.7 4.4
1.0 9.1 0.1 7.3
6.9 3.1 12.1 3.3
7.8 3.4 6.4 16.8
2.2 2.9 9.9 5.6
3.7 8.6 16.5 8.6
4.5 1.5 18.9 5.5
4.4 7.0 6.7 0.2
10.5 18.4 9.7 2.1
3.6 7.3 0.7 5.1
5.2 12.8 6.8 15.4
12.6 11.3 5.5 17.2
4.9 13.4 3.8 1.0
12.8 1.5 4.1 24.5
4.6 6.5 11.4 10.2
8.9 2.7 3.2 14.8
11.3 3.7 6.0 13.8
7.5 1.4 9.3 5.8
0.4 2.8 10.2 5.3
8.9 3.6 7.2 4.2
10.1 4.7 23.0 4.7
10.8 5.3 2.9 2.3
2.0 1.8 11.9 5.5
7.8 22.3 11.0 8.2
2.4 7.3 4.4 17.3
6.4 6.6 26.1 2.1
20.3 7.1 2.2 5.3
6.2 4.3 19.5 10.3
10.3 5.9 19.3 8.7
0.4 6.2 6.4 8.5
0.8 4.0 10.6 6.0
5.5 3.8 0.7 4.4
2.7 6.2 10.2 0.2
2.7 8.3 9.8 7.4
7.4 11.9 6.1 27.3
5.1 13.7 24.7 3.6
0.5 3.7 12.0 29.7
2.9 2.6 13.6 8.3
4.5 4.3 31.7 1.2
3.3 6.9 18.8 4.4
0.9 13.9 6.9 1.1
15.2 2.7 15.5 6.0
5.5 16.5 5.9 4.7
2.0 6.2 11.2 7.8
24.5 5.9 5.5 12.6
2.4 2.2 0.1 6.8
4.2 11.5 2.9 1.2
9.4 9.2 0.5 21.5
14.5 11.2 11.1 6.4
15.7 16.6 4.9 14.9
3.0 12.0 2.8 8.0
4.8 22.7 3.9 10.4
2.6 2.8 8.2 2.7
10.0 13.7 1.7 3.6
4.2 5.5 9.0 2.4
8.8 6.9 7.1 3.4
4.3 10.1 12.5 14.7
3.6 1.0 14.1 3.9
2.4 9.6 1.2 29.2
11.9 11.8 4.2 19.2
8.7 8.0 10.0 5.0
13.2 26.1 16.3 8.8
10.8 2.7 7.3 2.5
16.5 4.1 0.1 0.5
17.5 2.3 10.3 26.8
9.9 7.9 0.8 1.5
6.2 5.9 8.1 17.0
14.7 5.1 11.6 4.7
7.0 1.3 14.7 3.2
1.8 2.3 11.0 8.9
6.7 10.0 1.2 7.5
12.0 7.7 5.6 6.1
8.5 0.6 21.1 4.5
3.2 15.0 18.9 11.3
10.1 6.1 0.4 18.5
10.4 13.8 5.5 2.3
2.6 2.4 13.8 1.3
11.8 18.7 9.5 19.0
10.3 11.2 4.8 3.5
9.8 1.2 1.7 8.4
7.6 5.3 7.7 4.8
14.8 0.6 8.7 3.1
3.4 14.6 1.1 0.6
17.8 4.0 7.5 0.7
18.3 9.4 6.1 7.4
9.2 2.7 0.5 3.4
3.2 7.2 17.6 1.4
6.9 11.3 4.4 9.3
11.2 10.1 1.7 20.3
12.9 19.4 4.2 4.5
9.3 8.8 3.3 14.7
17.3 14.5 9.6 9.8
1.5 3.2 7.1 21.3
3.7 1.9 3.1 13.5
1.8 11.1 9.0 6.8
0.1 7.3 8.5 22.4
9.9 12.9 11.6 0.1
2.3 6.2 11.0 9.4
10.5 2.8 1.5 7.2
1.2 10.1 0.3 1.7
11.0 7.1 7.7 11.1
2.9 10.3 14.2 7.2
9.8 13.8 3.2 12.8
15.5 6.5 2.3 0.8
1.8 16.3 5.2 2.4
3.4 3.1 12.5 8.0
2.7 2.3 3.0 12.1
9.8 7.8 2.4 0.6
7.2 7.0 1.8 22.9
9.7 0.6 1.9 10.4
9.4 2.5 14.7 4.7
10.6 6.4 8.5 11.9
11.2 6.4 11.4 0.1
1.4 3.7 2.3 26.7
2.5 27.8 17.3 2.8
5.3 20.8 5.5 12.1
8.3 2.9 33.7 5.7
8.9 3.4 1.1 11.1
5.6 11.8 4.0 0.1
7.4 2.3 14.6 4.6
1.5 18.9 11.2 2.5
8.3 11.2 1.3 3.5
7.4 6.4 27.3 9.5
11.3 6.4 12.6 0.1
5.0 7.0 13.0 9.2
4.1 3.0 14.0 12.1
16.8 13.4 14.6 2.6
9.7 17.7 18.3 7.3
8.4 5.5 10.2 5.4
11.1 3.0 0.2 3.2
6.5 16.6 1.8 2.2
19.5 8.4 3.0 0.6
6.1 14.4 9.3 2.3
5.2 3.5 25.3 4.7
0.8 27.3 8.1 7.7
14.9 13.8 4.8 6.0
9.8 18.4 5.8 6.0
14.1 1.8 19.6 0.6
3.4 3.7 3.1 9.9
16.7 15.5 24.1 12.8
0.7 4.1 10.1 9.9
14.2 6.5 20.9 12.0
8.6 4.5 10.9 1.9
8.9 5.0 4.2 0.8
4.4 11.7 6.8 3.9
7.8 7.1 18.0 15.3
22.6 7.2 11.3 4.8
8.9 3.0 0.2 1.7
5.1 25.0 7.9 16.1
3.1 18.9 1.6 0.6
1.4 2.6 18.3 16.0
13.6 8.0 0.6 8.3
2.5 4.1 3.2 8.9
9.3 5.2 19.8 17.3
9.9 10.2 17.4 5.3
4.5 1.0 6.1 6.2
3.3 16.9 2.7 2.8
14.9 5.5 12.0 4.7
6.0 2.9 18.4 11.6
13.8 2.9 9.1 3.3
7.0 5.3 16.0 13.8
9.1 10.1 14.6 6.8
16.1 10.2 4.9 8.3
14.2 2.3 3.9 19.6
3.9 8.8 0.6 2.9
4.0 0.1 4.0 2.9
1.5 4.8 2.5 1.7
3.4 11.6 10.1 0.2
30.5 7.0 15.2 4.2
11.3 9.3 0.4 1.0
10.1 2.5 2.3 3.7
4.3 4.9 22.3 13.2
17.1 14.2 13.6 10.4
28.3 9.7 4.2 6.3
17.1 6.2 8.8 2.8
14.7 22.0 0.6 6.1
6.7 12.4 7.6 20.8
0.3 0.8 4.3 3.6
9.7 17.9 4.8 17.7
6.1 5.2 14.4 16.8
7.1 10.2 1.5 8.6
17.3 8.5 14.1 1.2
4.5 15.4 6.4 14.3
19.2 13.2 4.8 3.1
17.2 7.8 3.7 10.5
3.8 10.1 16.9 5.1
0.9 3.8 15.1 2.1
5.8 10.4 11.6 6.1
11.1 7.9 0.5 6.9
11.4 13.7 1.7 7.2
1.6 9.9 5.6 8.7
16.7 14.5 1.0 4.6
0.9 11.1 2.5 23.1
1.9 3.8 6.9 4.6
16.0 5.1 12.2 3.0
2.2 11.1 12.2 1.8
6.9 44.4 6.8 1.9
6.1 10.4 4.0 5.1
0.5 4.4 0.7 7.0
12.6 1.0 27.7 5.8
1.3 0.4 9.6 21.4
5.7 2.0 4.1 6.3
1.7 10.7 6.4 1.4
16.2 3.1 9.2 2.7
3.3 8.8 6.2 0.6
17.7 3.1 15.9 18.4
21.3 6.3 0.2 0.5
2.4 5.2 18.2 10.2
24.4 4.3 0.5 12.5
14.2 1.8 22.7 1.3
2.1 13.3 5.2 5.1
3.8 3.1 8.8 19.0
15.4 1.8 6.0 5.4
3.5 2.4 2.2 3.2
4.4 8.8 15.0 0.6
6.0 18.6 7.7 5.9
10.3 4.5 2.3 8.3
16.3 2.1 14.7 0.3
4.3 2.2 3.0 0.8
0.6 6.8 9.8 2.4
13.5 4.1 2.9 11.3
3.5 12.7 6.2 1.6
1.3 9.3 4.7 0.7
7.9 3.8 0.4 0.3
3.7 3.0 13.0 5.9
22.3 3.2 5.2 7.1
1.5 11.4 3.7 2.8
1.0 9.5 1.5 1.0
0.7 10.7 4.0 2.1
7.0 4.2 10.9 7.2
15.3 7.9 15.4 2.1
2.2 6.0 7.4 6.7
4.0 16.1 21.0 10.6
0.2 2.2 6.2 2.9
5.0 14.1 20.2 8.1
1.5 0.9 6.8 0.9
25.4 2.3 2.5 12.4
5.2 3.0 12.8 5.1
1.1 10.5 9.3 4.5
7.4 7.7 1.0 9.1
11.6 6.3 2.2 4.8
7.0 0.8 14.1 8.6
2.7 13.4 13.9 3.1
4.1 1.5 2.2 1.3
8.2 4.7 1.3 8.9
3.8 16.5 3.5 8.2
0.6 16.3 8.0 11.0
22.2 6.7 3.2 8.2
21.9 11.0 11.9 5.0
1.4 22.6 4.8 18.4
0.0 1.6 4.1 5.4
1.9 12.8 5.1 4.7
1.4 4.3 0.3 12.3
10.6 4.6 30.6 1.8
1.2 3.7 15.0 0.5
15.2 0.3 2.7 13.8
18.0 16.5 5.9 12.2
26.1 8.9 15.9 4.1
7.0 8.3 7.8 7.6
0.4 0.5 3.9 17.1
15.8 1.9 4.9 6.1
2.9 11.6 1.0 13.0
11.3 0.1 25.5 5.1
2.4 11.1 0.6 0.8
8.9 8.2 4.7 12.4
1.3 6.7 4.5 3.1
14.5 10.8 9.2 1.1
10.2 1.5 23.1 25.8
20.1 21.9 17.0 24.3
7.8 8.6 8.1 5.8
13.5 8.6 19.6 5.2
8.5 3.3 7.2 1.1
7.7 8.4 5.9 15.4
12.7 1.7 6.4 0.8
5.0 9.2 22.1 3.6
31.8 3.1 9.9 9.8
1.6 14.8 3.2 13.9
0.7 6.5 4.4 1.6
8.5 9.9 6.0 8.1
8.2 18.4 13.9 3.9
2.6 10.6 7.3 13.4
6.8 4.6 14.3 16.0
16.1 11.6 17.1 7.9
6.6 1.5 23.4 3.2
19.8 2.8 7.6 8.1
2.8 2.2 4.2 12.6
10.3 2.7 8.5 3.8
9.2 24.4 12.0 0.9
11.9 15.0 11.8 2.1
9.4 2.9 15.4 16.5
4.5 7.4 19.2 5.2
2.8 16.5 4.6 1.5
3.6 2.6 4.1 14.1
1.6 6.6 11.5 13.8
0.3 5.6 9.9 10.7
15.1 3.2 2.5 11.5
6.0 2.7 4.7 6.0
5.9 23.8 4.4 2.0
4.5 6.7 3.3 3.1
2.6 18.2 5.5 1.1
5.4 5.0 8.9 6.0
8.1 0.3 1.5 6.4
14.5 5.7 7.7 2.0
1.0 19.6 3.3 11.5
21.2 24.4 8.4 0.6
1.4 11.7 13.0 32.6
6.8 12.8 5.5 1.5
3.5 0.6 2.6 19.9
10.2 5.6 23.1 8.2
18.0 0.9 9.5 1.4
15.4 2.4 4.8 2.9
2.9 7.2 1.0 0.9
17.2 4.0 4.9 7.2
5.2 11.8 0.8 0.8
8.1 8.9 6.1 6.2
11.5 1.8 5.0 17.2
6.4 13.2 5.8 7.7
2.6 12.4 3.6 7.1
9.5 5.3 4.6 7.1
27.6 16.7 2.7 0.0
9.5 11.7 7.3 15.6
9.0 3.2 9.5 17.4
9.3 0.1 7.3 14.7
3.9 7.9 2.3 7.0
13.9 20.2 1.2 5.3
11.9 2.4 4.8 9.0
5.9 3.1 15.6 0.4
6.9 4.1 1.0 0.5
12.7 12.4 18.6 12.4
18.3 9.6 4.3 22.5
5.3 0.8 5.7 8.2
7.5 10.5 7.3 2.8
7.9 4.5 3.4 4.9
15.8 1.7 6.9 15.4
9.0 16.9 10.5 3.5
12.4 23.1 8.1 1.9
2.1 10.4 3.2 10.3
5.5 6.9 6.1 9.4
7.6 5.0 0.5 14.8
0.7 1.0 1.1 7.1
8.0 3.1 4.5 1.5
1.2 6.8 16.0 13.5
2.7 4.6 6.8 3.6
1.9 3.9 18.2 1.6
4.9 1.8 13.1 1.1
0.9 3.5 0.1 7.3
2.6 2.8 0.4 4.7
11.4 17.3 7.0 26.5
14.9 1.4 9.9 8.6
3.1 4.9 3.1 4.0
1.7 3.5 1.3 2.9
13.1 9.2 4.1 1.3
0.2 1.6 5.6 19.7
0.4 6.7 0.5 9.5
12.2 9.8 4.8 17.1
0.2 2.0 9.9 4.1
5.3 14.7 4.6 19.2
1.9 17.3 12.4 1.7
5.5 4.0 2.8 10.9
22.8 5.6 4.7 9.1
0.8 11.5 6.9 6.1
5.2 3.0 2.0 10.1
6.8 3.9 7.2 6.9
6.5 12.6 14.7 0.8
22.9 13.5 10.5 2.9
15.0 2.0 1.8 9.5
12.2 3.2 2.5 13.7
3.2 13.6 29.0 0.2
10.4 0.9 6.0 0.1
0.8 2.8 12.2 5.4
6.8 6.2 14.7 14.2
3.3 10.6 15.7 8.7
4.7 7.2 0.1 1.6
5.3 3.0 6.9 10.3
4.7 1.4 6.4 0.5
21.7 14.4 6.0 21.6
24.1 10.0 16.5 7.2
9.6 1.5 16.3 17.4
4.9 6.9 7.6 5.9
3.6 10.3 0.2 4.0
0.5 9.7 2.0 12.7
6.1 10.3 4.7 3.5
16.7 12.5 9.2 3.5
4.0 14.3 3.7 3.0
15.6 1.8 0.5 3.1
11.5 0.1 4.3 26.7
6.6 22.8 7.9 6.1
18.8 5.7 7.2 0.2
6.2 2.9 5.0 7.0
1.7 2.3 11.2 8.1
15.8 2.5 7.3 2.2
5.0 3.2 3.1 0.6
4.8 0.6 3.9 19.8
14.6 9.9 7.8 4.3
4.2 1.9 3.8 3.4
13.0 2.3 4.5 7.3
3.9 8.0 6.8 12.3
10.7 13.7 9.5 11.7
3.9 6.0 2.3 0.1
2.4 3.3 5.3 7.0
3.3 7.7 11.4 0.3
1.1 3.4 4.9 14.2
3.3 17.7 3.2 7.8
14.5 1.8 20.9 12.6
12.3 3.6 10.7 6.7
10.0 13.9 1.3 14.4
4.2 2.3 6.4 6.8
16.3 2.8 11.8 6.7
11.9 2.1 7.9 16.2
3.4 1.1 4.0 4.3
7.8 1.4 0.3 7.7
6.4 20.3 7.3 2.4
6.0 7.0 12.4 10.9
4.2 6.3 8.7 18.9
0.1 12.5 7.3 9.7
4.1 3.7 17.9 4.0
7.3 17.7 3.9 11.4
3.2 7.5 9.7 0.6
1.9 6.9 0.2 6.3
1.8 7.9 12.9 7.0
4.6 14.9 33.5 6.4
0.3 21.3 8.5 9.8
4.1 5.0 20.0 3.3
13.7 3.2 6.3 0.6
6.0 9.9 14.8 12.5
1.5 13.8 11.1 3.7
10.1 1.6 12.5 5.4
11.5 2.4 4.2 5.5
1.1 6.1 21.6 1.1
4.0 3.8 11.1 15.3
12.4 12.0 3.3 0.8
1.0 0.5 0.9 4.2
4.2 8.1 6.4 16.0
7.7 7.0 19.9 0.3
8.5 11.3 6.7 5.0
0.2 12.3 6.0 17.8
9.4 23.9 13.4 10.1
0.5 7.0 6.7 11.3
15.9 0.8 0.7 2.2
3.7 6.4 0.1 17.2
10.5 12.7 25.0 3.9
8.2 2.0 1.7 10.3
2.8 10.4 5.4 5.4
17.3 4.8 12.4 1.9
8.2 0.8 12.6 15.9
17.8 4.3 1.8 1.4
7.1 10.0 20.2 1.7
4.9 4.5 8.4 5.8
9.4 11.0 1.9 10.0
13.8 2.9 13.1 7.2
6.5 16.2 10.9 12.4
7.5 11.7 3.5 6.4
0.2 2.8 15.0 6.2
3.5 6.7 2.0 4.0
7.4 8.0 6.3 8.2
19.3 19.8 0.5 7.9
15.1 12.7 5.8 8.0
5.5 13.2 4.4 9.2
13.0 6.6 14.6 13.3
5.6 12.4 16.2 4.3
20.2 9.8 5.1 11.0
5.1 1.6 2.1 4.0
12.9 4.4 12.7 1.9
7.4 3.0 2.4 0.9
3.5 7.0 0.8 10.0
6.2 17.3 11.0 2.7
15.6 2.6 3.7 17.2
13.7 10.3 4.3 1.6
1.3 2.9 11.4 10.1
3.5 3.5 2.1 3.7
6.5 0.8 22.8 4.5
2.0 2.3 5.4 4.1
1.8 14.0 1.5 10.4
13.5 8.2 7.4 0.6
12.3 8.7 2.5 8.9
18.0 6.2 23.4 0.8
8.3 5.6 12.2 6.7
8.9 4.8 1.4 0.1
8.1 2.5 6.8 22.4
19.9 5.6 12.4 7.6
17.5 13.4 12.8 4.3
10.9 6.1 0.4 0.7
20.6 10.4 2.3 9.0
1.2 21.7 5.9 8.9
1.0 8.4 0.4 5.9
11.4 12.1 6.9 5.5
8.1 15.7 3.7 11.9
13.9 2.2 1.7 3.8
3.9 13.7 1.8 6.8
12.4 3.8 0.4 7.8
14.0 4.7 3.5 3.6
1.4 14.6 9.9 4.3
1.7 0.1 2.0 14.3
2.9 10.2 11.5 1.1
12.0 2.3 0.7 18.7
0.1 18.6 6.6 8.7
12.2 14.2 2.3 11.4
2.2 0.8 0.5 7.0
8.5 4.6 10.4 7.4
14.9 14.0 12.6 3.3
12.9 13.0 13.5 11.6
1.2 9.7 12.9 0.7
4.7 6.9 29.7 3.3
0.3 4.1 5.1 14.0
5.4 17.6 13.8 13.9
6.7 10.2 7.4 3.5
23.3 1.6 3.6 17.0
0.2 9.3 11.3 8.0
0.4 8.0 14.1 6.4
3.9 2.8 3.0 4.0
26.6 7.7 2.3 8.0
1.7 10.6 0.8 7.5
19.4 23.5 3.3 3.7
7.9 4.5 2.6 20.9
16.5 5.3 6.1 3.2
17.7 2.1 12.1 3.1
11.3 10.0 6.2 14.2
4.5 14.4 14.4 3.7
0.1 6.5 12.2 5.3
18.0 8.4 0.1 3.8
13.2 1.9 1.2 4.2
1.8 1.7 16.6 10.9
3.1 5.2 8.6 9.1
22.9 2.9 8.1 5.2
10.7 1.9 8.8 6.4
11.6 0.7 9.0 2.4
0.0 24.1 1.5 11.1
4.4 11.4 2.2 5.1
5.2 1.9 5.4 3.6
18.1 2.7 3.1 15.2
17.3 4.0 14.3 8.8
3.3 7.9 5.0 7.2
6.6 1.4 12.1 5.7
10.1 27.6 12.5 3.7
13.5 1.2 5.6 11.3
0.9 3.9 5.3 12.5
2.0 12.1 7.8 4.9
4.7 1.3 10.4 3.9
9.2 11.1 4.2 13.3
9.5 7.6 1.5 3.2
4.6 16.6 2.8 7.4
0.1 11.8 4.4 5.8
5.3 3.2 11.2 3.2
15.0 21.8 7.7 4.0
0.3 9.5 5.6 1.1
13.3 10.0 0.4 3.1
3.3 4.2 16.6 5.1
4.6 0.6 6.3 3.7
13.1 0.8 4.7 0.4
9.2 12.1 6.5 15.5
11.3 8.7 6.6 6.7
5.8 6.5 10.8 3.7
1.4 3.3 12.6 7.8
6.6 7.1 5.3 15.6
27.5 20.2 2.3 1.1
8.3 7.9 6.8 1.5
10.4 2.2 6.1 5.1
6.8 5.1 15.3 3.4
37.1 7.2 1.1 8.4
1.3 5.5 11.8 0.3