6 4
1.1
12.932 26.961 9.113 8.530
8.246 14.202 6.119 16.451
7.564 16.127 6.957 0.259
5.432 15.007 8.201 7.395
4.534 8.054 7.598 4.567
0.597 0.584 15.496 13.831
1.448 0.474 15.448 10.480
1.626 8.872 1.718 5.522
3.510 0.048 8.313 3.626
4.467 11.509 26.353 12.697
1.591 12.485 2.710 2.121
14.539 6.579 2.227 16.103
0.968 13.245 4.166 25.145
8.309 8.465 5.542 19.676
9.464 27.262 18.959 0.824
5.503 8.572 2.851 10.371
5.083 16.351 6.615 8.433
9.275 21.779 4.684 9.042
2.163 0.813 15.133 11.314
6.156 3.259 15.928 9.060
4.468 9.479 20.898 6.767
2.603 10.537 10.369 11.351
16.396 0.042 1.271 0.772
12.828 8.606 12.188 0.462
6.699 14.233 13.459 10.962
0.091 0.416 1.681 5.156
0.738 17.290 10.462 17.487
7.484 12.571 9.448 7.636
2.234 10.621 10.232 2.199
14.712 14.664 1.020 7.175
8.604 7.756 1.563 2.031
6.404 15.990 16.969 0.951
4.791 8.175 10.029 4.076
12.238 1.946 0.399 23.230
18.980 1.544 11.064 7.231
10.929 7.993 2.088 5.495
4.648 10.367 0.395 1.599
5.717 1.758 2.545 4.406
0.180 1.747 21.267 1.668
1.034 1.864 4.862 4.828
10.541 15.985 10.624 11.670
8.619 2.295 14.533 6.622
15.412 19.906 3.370 0.331
2.504 5.670 7.326 11.361
13.156 6.876 9.716 6.559
4.582 3.610 7.349 7.077
0.164 7.752 14.629 8.377
7.827 18.367 16.801 1.533
4.890 20.336 9.475 20.791
3.321 11.551 9.698 0.223
12.325 0.414 15.813 26.015
6.370 3.298 8.282 8.249
0.983 9.461 8.356 12.241
6.922 9.687 21.395 8.950
9.017 7.072 17.709 8.349
3.416 4.691 4.951 3.134
16.403 6.519 0.511 3.908
0.077 7.948 0.025 1.820
12.194 5.399 5.840 9.540
5.532 10.276 7.797 2.108
9.689 7.238 3.083 9.933
2.735 10.320 8.763 6.204
12.434 4.441 1.646 0.035
0.477 2.567 0.601 8.766
24.154 9.827 4.706 0.306
1.164 7.373 9.616 15.811
3.849 5.110 0.638 11.901
10.182 8.410 14.484 0.077
17.434 9.001 3.200 8.944
2.072 1.324 12.157 22.537
4.087 3.422 18.237 14.655
17.768 3.438 1.894 0.641
1.335 3.713 4.176 32.822
7.097 13.041 12.584 2.698
1.393 17.627 0.115 15.814
8.061 4.029 1.611 4.292
3.469 20.932 25.147 0.110
5.502 7.384 13.470 1.856
15.673 2.575 4.647 7.460
6.212 2.026 21.109 8.301
2.226 18.126 17.764 8.423
11.715 0.891 8.639 22.762
9.139 9.005 12.411 6.213
25.535 4.504 13.232 1.740
23.177 2.732 10.909 9.951
9.539 8.070 19.082 10.586
4.265 4.490 9.665 7.729
9.006 5.670 4.297 14.597
1.474 17.593 7.501 12.188
10.902 1.275 24.142 5.649
9.683 11.805 6.721 12.632
5.010 14.132 5.755 22.083
4.342 6.408 4.999 0.869
7.681 9.149 0.875 5.979
6.309 14.626 9.438 6.758
2.026 6.190 2.120 4.631
6.578 8.652 15.747 1.171
13.401 0.092 7.595 1.156
4.449 10.491 11.743 5.095
3.735 11.453 9.223 8.255
8.454 31.691 8.613 7.041
15.578 5.015 8.296 1.035
1.127 1.908 14.877 6.210
9.186 8.399 8.479 9.464
0.559 6.129 1.652 3.152
8.289 27.032 4.257 14.240
3.873 3.138 4.999 10.299
7.853 14.944 3.773 5.217
19.757 6.960 9.377 10.394
26.108 16.824 0.167 3.034
9.537 0.021 7.791 8.773
5.185 2.947 20.987 4.781
17.745 2.611 6.439 10.702
9.566 1.808 3.742 4.648
2.218 5.005 14.945 11.399
4.780 2.968 2.422 4.948
0.277 12.935 8.425 3.114
5.181 1.408 1.820 8.375
12.217 14.311 16.964 2.295
12.172 2.938 18.986 5.873
4.573 9.201 8.960 9.168
9.207 11.038 15.485 5.574
10.070 18.083 8.154 0.677
5.128 5.141 0.073 19.643
1.912 11.656 5.575 0.654
6.049 10.456 1.672 21.797
2.303 3.881 3.352 8.951
5.818 6.864 7.893 9.817
6.386 17.735 8.992 6.906
1.542 5.072 6.398 8.576
0.531 5.358 6.488 6.401
15.051 1.637 6.948 3.383
0.087 0.795 0.345 7.200
2.416 8.743 11.984 15.368
4.426 1.462 5.745 0.123
1.102 7.998 4.365 1.179
3.480 3.354 7.554 8.424
18.992 12.675 6.291 9.893
18.069 8.217 6.106 4.334
6.247 11.205 2.180 16.478
10.414 0.171 2.652 5.266
1.550 9.567 6.430 8.856
18.268 2.292 21.868 7.960
14.769 0.569 8.852 10.261
2.894 5.860 3.606 7.260
14.640 17.061 0.776 1.988
4.418 1.304 3.268 9.058
7.479 1.789 9.028 11.117
2.060 17.438 5.859 10.677
2.101 0.310 6.157 17.024
6.407 20.430 1.635 5.116
13.282 2.822 3.766 0.077
5.927 1.173 1.335 19.299
1.775 2.126 19.274 1.490
6.376 1.179 14.283 0.076
1.528 7.587 4.074 4.281
0.801 0.676 5.024 6.901
0.673 13.305 2.458 7.611
4.950 12.476 9.602 7.638
10.384 0.009 17.475 19.544
8.007 5.065 0.423 9.153
9.009 10.266 15.418 6.364
28.582 3.016 11.698 0.346
7.520 5.886 0.862 15.942
0.062 12.492 3.777 13.762
5.225 1.921 12.883 13.857
9.641 5.754 15.694 4.871
7.613 0.373 3.680 9.035
4.747 0.495 6.315 1.670
7.029 2.310 4.309 4.805
0.614 4.272 3.193 1.945
5.476 11.775 1.999 3.734
2.168 0.372 13.274 1.725
20.478 12.254 10.265 20.279
6.532 22.646 15.679 9.649
12.872 1.485 21.680 1.540
6.742 3.610 27.720 3.869
10.519 4.314 5.322 11.769
9.051 9.548 10.918 9.862
22.662 0.440 9.044 16.205
5.547 7.705 14.654 2.765
8.854 1.623 15.650 2.502
1.511 10.312 3.750 5.675
0.433 15.473 4.369 5.437
12.143 1.513 16.310 3.675
4.168 4.232 1.339 2.936
6.987 3.426 3.848 7.135
5.568 18.012 24.060 10.205
16.813 17.450 9.718 12.812
3.855 0.104 7.195 4.560
17.374 5.412 4.305 3.725
16.381 6.290 18.947 10.480
4.268 4.541 4.462 1.851
12.243 3.990 7.956 2.626
8.448 0.530 8.618 9.479
11.074 11.438 10.974 11.921
10.466 9.543 8.664 6.296
1.506 2.937 9.295 4.291
1.570 18.086 1.295 4.062
0.065 14.986 8.862 19.236
7.855 12.005 4.545 6.491
9.396 6.847 3.233 11.164
1.554 1.098 11.723 10.901
13.773 5.042 12.061 9.649
1.150 2.255 2.403 2.042
11.452 11.659 21.385 9.272
6.063 1.543 5.284 7.590
6.579 11.941 3.057 3.341
7.241 5.949 6.863 5.690
7.650 0.670 7.169 25.733
5.459 10.554 3.534 16.989
0.351 7.672 2.558 8.452
7.180 2.130 9.707 3.682
3.846 12.851 14.751 12.241
7.193 10.847 1.089 6.983
2.530 3.433 9.116 0.487
13.798 17.004 6.381 1.225
4.568 0.387 0.351 11.029
13.587 5.355 1.618 6.014
4.434 3.888 9.215 1.681
3.101 3.970 7.870 4.666
3.666 13.326 7.963 2.877
5.089 5.229 5.563 11.188
13.921 5.831 0.594 3.834
6.044 16.547 3.397 21.986
2.475 14.876 8.254 16.910
4.412 6.291 21.373 3.231
10.888 14.068 13.366 1.885
9.736 0.500 1.598 6.428
1.793 6.107 6.706 6.839
24.410 10.173 4.792 10.988
6.404 5.963 18.428 14.666
8.996 7.209 9.226 6.707
14.073 6.781 9.371 12.555
18.326 5.237 1.423 6.742
19.739 4.725 3.419 1.008
4.519 12.952 15.207 12.725
16.551 13.472 0.735 30.702
2.761 1.410 31.793 25.406
1.550 1.167 4.580 6.830
7.792 3.887 5.237 0.354
4.607 2.888 9.660 7.270
6.954 0.272 3.908 2.281
2.817 8.765 1.296 5.506
13.945 3.838 1.283 4.099
4.484 20.964 15.113 16.815
0.872 6.765 1.413 5.313
12.047 5.093 1.741 5.745
5.296 11.723 6.520 2.774
3.166 9.938 5.801 2.296
8.794 6.540 4.311 3.454
9.327 7.855 13.992 5.099
4.504 3.501 0.428 19.098
10.881 17.231 4.028 5.047
14.764 4.647 2.113 13.872
1.930 25.115 9.000 3.311
0.257 7.230 2.457 3.529
17.162 19.648 16.776 10.990
8.546 11.463 8.677 13.868
8.201 16.685 1.288 10.416
2.255 12.571 1.737 3.878
5.128 24.166 12.806 6.008
5.943 8.962 0.501 7.488
16.010 9.013 5.531 10.349
17.115 1.740 3.286 8.193
12.099 13.496 7.568 3.599
6.232 1.982 0.454 9.560
18.752 1.732 12.796 3.197
7.705 9.901 16.334 2.169
10.290 4.827 3.392 2.093
15.296 7.400 16.075 4.918
3.909 0.138 11.584 1.806
7.025 8.638 10.892 8.119
30.159 15.211 3.121 1.762
19.906 3.082 0.948 11.219
1.776 0.968 19.817 2.308
4.832 9.173 10.458 20.484
9.753 0.080 8.343 22.135
6.587 3.037 4.791 19.815
3.382 2.935 10.476 11.272
9.824 1.677 14.957 14.510
13.748 14.920 6.343 5.633
11.067 3.155 3.545 1.414
5.866 2.991 8.100 11.930
3.453 0.081 5.095 15.207
13.559 0.459 7.957 2.017
1.523 1.566 11.908 4.497
7.938 8.337 12.378 10.683
6.504 19.061 8.581 2.035
18.745 12.090 0.713 4.583
10.475 18.754 5.056 12.864
15.801 9.274 10.030 4.319
2.079 8.159 10.626 4.601
4.445 5.771 5.018 9.739
13.150 3.890 17.196 1.743
17.236 6.725 5.031 15.076
8.201 9.454 6.067 6.406
4.565 1.648 1.153 7.352
0.054 19.816 3.743 15.766
1.790 13.799 5.668 2.661
4.703 1.941 0.305 9.790
0.665 16.539 4.736 7.069
14.085 2.393 16.038 1.948
8.527 8.657 9.045 19.119
20.181 0.708 15.616 13.303
2.732 5.429 3.633 12.858
21.042 5.799 4.375 1.479
10.573 16.781 4.889 0.576
0.972 10.915 8.797 0.658
8.310 10.212 2.405 3.065
10.977 5.416 11.533 12.658
2.270 2.260 20.309 0.730
10.363 1.871 19.298 0.496
9.516 6.361 4.971 1.220
22.009 6.080 28.965 4.821
0.027 10.789 9.877 0.725
25.592 4.969 6.944 0.073
2.452 10.214 20.893 9.304
1.969 12.607 0.784 22.103
12.220 12.706 2.836 3.261
3.933 2.630 21.569 6.390
13.983 4.800 2.881 3.365
4.657 17.820 1.749 20.509
13.516 3.667 9.779 0.343
2.881 13.378 13.962 3.862
18.737 1.949 0.939 22.139
14.681 6.024 3.233 2.763
16.536 5.274 4.387 17.833
31.948 0.483 4.760 1.600
2.182 6.260 6.234 7.977
13.111 4.402 16.910 8.014
7.683 6.201 2.680 12.754
2.393 10.149 6.579 9.202
4.102 30.004 8.471 13.564
1.224 5.615 15.777 5.373
13.265 10.153 3.818 2.020
8.748 12.562 6.763 14.123
1.375 0.522 8.951 1.863
6.855 1.747 10.575 7.671
0.787 15.655 0.342 1.835
7.614 15.407 6.906 0.801
4.616 4.072 2.833 10.839
10.691 3.988 10.529 1.798
9.323 17.597 14.132 0.467
4.601 10.906 4.169 8.622
0.714 2.273 4.905 3.628
10.413 9.062 6.438 0.358
4.673 9.358 1.248 7.864
10.798 0.591 3.965 4.339
2.627 0.198 8.117 2.911
6.080 5.788 10.704 0.924
6.450 11.112 7.428 7.674
5.807 10.000 5.674 1.329
10.664 2.601 17.372 14.304
5.038 17.267 8.495 14.726
2.870 1.227 0.008 19.716
1.464 8.109 6.698 5.284
13.157 15.808 0.753 12.627
17.551 7.784 1.639 8.290
14.851 4.005 2.754 7.056
1.146 9.541 19.703 10.117
16.240 2.792 4.374 11.219
0.267 6.226 5.493 0.679
9.212 0.819 2.043 11.646
1.027 9.971 0.661 10.386
2.626 3.675 0.364 7.429
10.071 12.271 3.963 2.397
25.749 19.249 0.192 16.547
1.864 1.666 8.037 14.520
0.709 1.283 8.684 10.032
13.333 2.030 25.140 10.448
4.089 13.270 20.416 5.926
19.053 3.054 3.018 15.596
5.583 3.917 20.072 5.224
9.684 14.204 14.421 9.845
4.593 0.542 9.928 23.616
3.417 9.640 6.453 4.495
7.933 4.576 5.163 6.210
7.650 14.701 16.360 11.733
3.581 4.124 13.695 12.993
12.313 14.228 6.640 3.376
5.337 16.326 16.543 7.303
2.746 3.073 11.495 13.181
7.039 15.160 4.236 7.025
1.096 6.203 5.970 6.493
4.671 1.061 11.016 1.831
11.540 13.971 11.735 14.440
6.638 5.244 18.677 7.853
10.544 9.414 10.981 6.907
5.167 1.758 10.241 5.011
8.671 4.555 4.215 6.111
6.818 6.442 3.207 2.627
12.999 2.184 2.403 4.095
2.555 2.165 9.827 0.032
5.884 8.546 23.987 3.355
6.483 12.883 7.888 19.221
22.009 0.211 7.138 5.711
6.929 9.720 3.666 4.399
23.266 3.860 5.489 9.412
2.257 6.808 7.327 2.480
2.790 4.234 17.329 7.510
1.465 19.819 4.084 2.529
1.619 1.265 17.890 3.691
0.430 10.405 4.800 9.781
2.026 0.164 4.015 2.566
7.174 13.109 13.272 23.201
4.344 20.265 3.724 3.925
5.558 11.170 9.862 17.089
6.194 14.781 0.903 6.813
11.658 4.010 8.683 23.881
1.355 4.760 16.966 0.981
9.792 7.627 6.098 1.890
16.542 12.369 3.470 8.088
1.990 1.746 0.172 0.104
10.709 3.555 26.857 30.095
3.665 10.546 15.552 1.482
1.164 16.485 13.465 6.850
6.829 4.229 2.456 9.091
5.725 4.017 5.705 6.702
6.455 15.158 8.658 18.167
2.527 9.244 4.947 3.889
9.012 12.497 5.137 5.293
6.487 2.668 11.376 4.037
17.613 4.840 0.275 28.011
6.706 22.419 4.092 12.533
12.163 3.334 27.391 2.802
16.140 2.138 3.426 1.349
12.338 13.066 16.361 5.474
7.846 10.346 25.119 1.275
8.652 11.201 13.547 20.768
1.504 17.996 1.048 0.069
7.441 3.030 8.377 10.884
0.052 6.989 10.361 2.421
6.794 3.957 17.085 18.022
5.151 1.916 4.387 1.267
8.125 9.858 11.419 6.331
7.188 38.316 0.126 2.001
16.334 6.334 6.229 3.327
20.059 1.180 9.019 24.491
22.550 13.814 1.226 8.204
1.208 1.188 1.140 2.930
6.598 5.565 10.485 17.309
2.239 6.019 13.598 8.351
1.755 13.806 4.432 6.421
6.647 2.425 27.446 1.531
5.704 11.634 8.365 7.019
8.660 4.539 7.460 9.945
0.383 14.289 9.003 2.588
27.389 9.324 11.858 3.409
13.032 25.432 5.405 9.781
12.782 9.699 2.702 6.715
7.523 10.001 4.231 1.236
11.279 5.753 1.221 0.477
3.855 18.556 6.702 16.522
10.445 1.509 9.431 9.440
4.103 7.764 0.148 8.593
8.764 4.897 3.801 3.791
8.613 13.163 9.531 5.146
2.886 0.498 8.103 4.318
7.303 9.653 0.488 4.728
7.013 16.584 7.961 5.138
6.035 13.794 4.131 11.294
9.587 6.649 9.655 1.934
1.845 1.632 4.535 9.633
3.695 15.089 12.967 9.170
10.580 10.770 9.569 10.240
5.176 1.618 10.720 6.562
8.807 9.343 4.642 24.350
3.859 10.952 1.298 6.655
21.192 7.676 0.155 5.346
16.908 6.719 1.886 5.536
9.030 1.533 3.312 1.913
2.120 14.932 8.174 3.553
6.253 5.715 10.794 4.717
1.727 12.774 8.571 10.569
17.019 7.419 1.730 7.147
12.657 8.192 2.377 12.356
3.534 15.529 3.828 24.564
10.032 0.072 14.285 1.960
1.979 2.215 3.152 14.773
0.740 3.284 7.598 8.059
7.199 14.157 1.045 10.305
33.901 4.784 8.468 2.771
11.814 9.727 6.305 9.325
1.286 1.354 4.667 3.642
7.160 5.930 11.011 20.925
19.894 8.632 5.110 3.608
1.240 0.545 7.828 4.320
5.418 2.791 2.934 3.430
12.189 6.948 2.893 2.378
9.711 11.787 7.973 12.955
16.566 3.908 2.445 9.171
19.012 5.509 5.136 3.403
4.425 11.550 2.605 6.526
6.594 16.879 3.427 6.054
0.950 15.283 3.494 9.267
17.862 11.531 6.513 10.195
2.807 23.001 1.136 0.058
5.953 3.516 5.624 21.480
10.765 5.950 12.785 9.427
11.504 3.662 5.382 6.560
10.661 2.533 29.334 14.997
16.924 11.881 14.275 5.641
1.114 12.593 4.903 14.943
6.710 13.342 5.752 4.177
12.080 17.722 6.697 8.104
15.387 14.244 11.325 5.847
3.367 12.706 20.084 4.105
4.398 11.703 9.062 5.904
11.570 23.308 15.271 2.926
14.466 3.292 4.261 17.971
12.788 3.849 13.603 13.235
2.201 7.473 15.299 6.535
5.688 9.823 10.351 10.013
11.773 15.577 10.165 4.120
8.708 8.960 23.073 4.292
7.414 18.305 1.846 3.229
1.046 4.898 4.934 11.255
3.999 8.282 2.493 11.400
1.579 5.685 11.593 12.856
3.580 2.107 10.871 0.859
4.077 0.031 4.592 16.785
13.666 11.052 6.162 2.195
4.065 2.841 3.085 13.944
7.964 31.724 19.935 12.119
13.419 1.527 9.000 6.120
9.612 18.847 2.859 27.558
2.565 5.939 4.815 10.914
7.208 13.688 0.633 5.612
6.194 19.866 9.202 12.935
5.709 2.752 1.816 8.619
6.498 0.651 3.805 10.037
8.056 1.732 6.001 0.597
33.488 0.781 9.765 5.945
3.053 15.309 1.962 9.865
8.470 3.120 7.070 1.585
14.552 0.122 2.335 8.518
6.907 0.625 3.948 1.649
16.057 7.822 16.569 0.848
9.991 2.389 4.245 7.240
4.227 5.914 2.923 0.086
14.617 6.197 10.281 1.035
13.186 21.750 2.991 7.514
1.847 3.229 0.034 4.624
18.663 9.526 0.564 0.756
9.968 1.700 5.005 9.801
3.523 6.714 11.466 13.405
8.324 8.729 2.162 2.205
15.291 4.742 23.597 13.560
10.264 1.856 3.869 5.150
1.358 14.040 7.600 4.906
6.023 14.766 4.320 0.555
12.919 11.105 3.367 2.496
8.208 1.816 6.259 24.719
7.926 17.379 22.621 8.978
1.387 3.872 6.219 8.604
5.551 8.825 26.535 1.020
13.264 10.742 15.938 3.629
9.408 0.511 9.982 7.292
6.030 1.257 21.490 3.362
9.679 7.385 3.923 1.256
3.887 0.665 6.863 0.925
5.617 9.681 9.368 15.216
2.827 1.577 6.228 4.100
6.618 11.371 9.944 15.786
3.198 2.298 6.759 8.011
25.938 11.268 7.879 4.929
11.524 13.881 0.557 0.566
2.345 11.273 5.268 6.058
6.683 9.187 19.204 7.707
9.171 8.696 11.225 0.205
16.991 3.300 9.622 7.823
3.612 15.341 0.984 0.515
13.903 6.814 15.955 2.206
0.506 7.772 0.275 5.346
0.313 8.489 11.187 11.705
8.029 1.751 1.273 7.023
20.044 10.294 2.230 1.079
0.883 11.472 11.079 12.569
25.176 8.302 15.090 4.755
15.509 3.930 5.466 6.076
0.644 11.971 14.625 16.345
9.216 20.833 8.670 9.582
15.851 6.627 6.667 0.323
7.010 17.685 8.487 17.365
4.654 9.586 2.323 2.899
0.884 4.066 4.585 8.924
5.503 6.666 14.993 4.567
4.540 12.578 3.622 16.095
6.479 0.612 8.987 1.826
1.633 1.577 4.471 3.528
1.108 6.167 1.385 4.104
9.484 6.092 4.360 1.771
10.124 14.135 12.819 13.251
17.546 1.533 6.477 6.772
2.396 0.461 2.261 3.325
21.514 11.205 16.380 6.145
7.992 11.256 5.358 3.077
8.542 4.560 15.383 7.725
13.081 4.436 4.112 17.405
15.303 7.126 3.431 0.190
0.106 11.415 2.327 8.270
11.815 8.875 6.082 3.612
19.515 4.006 20.549 1.813
11.438 5.063 9.650 7.225
3.852 20.177 9.175 23.327
10.376 8.497 15.372 1.226
7.114 3.187 8.936 8.110
5.099 6.833 20.947 20.695
0.638 5.904 6.297 9.289
10.136 3.076 23.128 7.475
6.034 9.769 14.253 7.374
11.642 5.484 9.506 2.847
8.148 1.609 1.209 6.943
5.072 2.994 18.356 9.487
13.255 19.239 14.022 6.035
10.846 1.588 1.497 4.105
9.004 2.266 4.174 2.900
2.608 10.347 6.507 2.061
5.020 2.850 6.377 4.826
11.956 0.354 5.358 5.003
13.497 22.047 11.963 5.473
0.884 24.877 0.526 29.063
3.843 1.508 3.419 1.163
12.505 15.953 23.346 9.985
21.140 26.856 1.870 3.759
2.507 6.186 0.453 10.086
3.188 3.516 1.503 16.053
7.150 4.499 4.447 5.270
25.512 11.501 2.789 8.447
8.045 14.458 3.879 0.587
25.082 6.205 17.204 11.096
5.231 6.523 9.190 2.080
10.729 3.306 6.314 18.403
5.222 5.549 16.257 1.703
15.489 6.665 2.156 8.674
22.217 20.757 2.577 2.912
11.065 12.046 4.378 3.783
4.375 11.283 3.184 25.798
14.720 5.539 7.679 17.377
4.224 0.736 27.977 2.124
6.457 0.774 20.663 21.996
3.038 10.775 15.287 10.842
12.519 7.952 2.424 1.383
4.348 12.823 8.796 2.308
9.675 7.424 0.400 5.893
0.539 10.886 7.055 5.129
17.997 2.827 14.321 0.825
14.138 24.952 4.888 1.981
25.840 14.918 0.671 5.667
5.662 8.262 23.104 3.491
11.328 6.956 2.571 0.186
20.352 5.183 5.016 25.615
4.327 5.650 3.430 0.883
10.793 14.161 1.129 5.138
8.400 21.626 11.194 8.255
3.415 17.704 7.913 1.670
1.967 7.083 13.070 6.773
4.152 6.028 20.028 8.189
1.205 4.401 15.920 3.223
10.158 14.343 8.143 21.365
6.977 4.583 10.742 11.572
0.219 7.081 16.762 1.675
20.063 3.917 8.646 10.221
9.209 5.705 2.575 1.623
15.353 5.653 3.199 8.378
6.928 10.092 6.740 3.298
3.207 2.483 10.092 15.006
4.273 10.577 21.000 20.899
11.607 8.621 3.247 3.386
0.687 2.122 19.151 1.669
14.789 15.921 5.822 0.900
1.587 11.731 3.747 3.430
5.159 2.976 6.459 9.826
1.751 8.636 5.932 5.871
9.119 11.798 13.431 3.790
8.480 33.521 17.938 13.692
9.930 8.685 6.140 19.607
8.946 13.958 9.761 2.684
8.717 13.861 11.155 17.538
0.507 21.868 1.025 3.071
13.410 1.321 5.180 5.732
1.538 0.058 12.121 5.951
5.667 13.189 6.144 5.280
4.818 23.446 14.001 16.618
14.425 8.406 3.447 4.436
5.820 9.780 4.560 10.160
4.045 8.272 12.932 3.777
11.370 7.950 7.324 1.371
5.502 11.212 1.580 0.844
3.650 5.046 11.651 1.289
20.024 4.601 11.190 9.042
14.697 7.048 8.843 9.164
7.556 7.801 16.879 1.597
3.140 0.654 8.597 7.537
15.585 0.365 14.774 10.366
25.692 6.739 1.055 8.049
0.360 15.801 0.307 7.003
7.714 5.274 1.326 5.028
9.117 11.028 2.389 9.778
5.090 12.569 4.953 0.177
2.287 11.711 3.728 18.509
6.845 5.162 0.833 4.891
13.240 0.024 11.149 1.536
5.655 11.032 9.523 7.130
12.918 10.439 1.772 12.132
3.830 0.135 8.473 10.160
8.007 2.271 10.260 3.908
7.436 12.524 2.411 6.580
6.561 3.820 12.629 4.272
0.807 10.313 5.482 0.433
11.865 6.307 0.084 2.071
2.715 14.535 10.747 17.221
4.287 7.634 11.770 12.679
5.406 3.158 12.186 7.106
16.823 4.112 31.196 1.440
12.202 2.546 0.220 0.777
1.883 16.179 8.079 4.533
0.996 7.739 12.214 8.819
5.766 2.989 3.748 6.887
8.771 0.231 14.646 8.461
9.794 11.912 8.013 3.394
1.774 4.032 3.421 0.224
14.281 7.981 2.818 4.232
11.201 6.467 14.428 9.867
10.886 7.441 15.188 4.363
13.834 1.706 3.078 6.562
11.577 20.665 18.744 4.504
6.154 12.703 1.357 8.196
21.746 17.572 25.651 16.148
8.814 16.385 6.049 6.505
18.009 10.562 9.683 2.753
14.882 9.099 16.703 11.321
10.919 4.854 10.966 0.892
2.573 14.895 1.028 18.351
4.767 8.117 5.936 6.594
2.753 19.156 8.744 12.231
13.783 9.300 8.850 10.862
9.534 21.562 14.136 4.904
15.593 21.066 7.057 4.402
10.745 6.813 27.286 3.037
6.884 10.775 10.419 8.336
5.511 7.852 27.164 2.908
16.795 7.076 2.252 20.668
16.174 5.274 0.571 8.007
10.202 1.057 18.270 10.587
4.595 8.197 8.914 6.485
23.459 5.685 14.885 11.681
0.050 4.735 6.376 3.877
7.044 5.701 9.975 0.881
3.210 7.460 14.336 9.569
0.548 0.430 12.220 4.547
13.938 6.796 8.004 4.556
2.387 5.644 3.491 2.295
7.843 6.664 3.632 2.785
5.324 7.336 4.627 2.620
14.298 5.725 8.612 0.061
3.059 7.120 12.190 17.533
9.014 2.100 6.866 0.151
0.488 2.650 9.192 6.417
2.490 0.512 3.219 1.838
4.861 4.049 4.649 11.339
14.223 14.103 0.763 11.105
4.604 1.476 4.518 5.480
6.642 15.115 8.706 7.857
5.566 8.720 23.284 8.325
4.836 9.796 12.254 15.061
3.903 4.251 3.654 5.618
13.596 3.335 12.504 23.734
3.391 6.199 8.011 2.782
2.625 4.765 0.388 10.824
8.899 0.521 3.200 1.729
0.422 26.360 10.721 1.394
5.030 1.385 9.140 22.984
13.698 1.764 10.578 20.455
4.114 11.086 18.790 0.612
19.412 18.293 0.707 7.535
9.275 5.101 0.904 3.227
14.374 8.893 23.099 7.540
1.969 3.868 7.490 7.330
1.404 19.828 12.108 10.706
4.922 10.301 1.269 4.653
14.387 10.025 1.070 0.713
3.772 3.521 0.557 2.763
2.460 7.943 5.085 22.488
8.765 7.420 21.444 10.619
1.187 2.717 2.336 8.787
2.148 0.904 14.005 16.630
21.386 5.683 5.966 2.035
4.595 0.709 3.957 3.701
3.670 5.974 5.398 7.701
5.006 7.621 5.346 8.563
11.164 9.197 4.779 5.494
16.710 18.008 5.702 19.275
7.342 10.880 1.678 9.293
5.637 6.001 10.271 1.676
12.450 1.773 1.458 5.035
8.015 2.136 25.404 12.718
2.046 8.150 27.329 18.037
6.259 3.423 5.578 5.194
10.114 3.064 3.583 4.447
8.897 3.150 16.702 11.778
5.352 19.751 9.355 4.564
5.498 0.071 2.534 1.430
3.540 15.868 11.505 6.208
10.188 3.990 2.053 15.996
14.584 20.200 8.761 0.157
10.581 6.454 10.995 9.609
26.807 7.386 1.875 4.424
0.708 11.335 14.631 3.089
2.115 24.660 11.290 15.960
0.522 4.307 19.156 8.898
13.676 1.006 19.226 6.932
9.063 12.209 0.943 16.994
0.859 10.411 20.644 17.421
16.271 4.179 1.244 3.656
12.003 2.979 4.131 3.232
7.765 8.281 12.470 5.888
2.521 6.043 0.014 11.903
11.577 8.076 14.831 12.838
17.311 8.221 4.493 6.041
3.257 9.088 6.212 13.652
6.494 21.543 1.268 3.736
5.861 9.909 0.528 1.968
9.874 23.454 0.185 9.468
9.174 16.758 0.632 10.850
14.156 4.998 12.798 16.645
14.098 7.840 12.532 3.751
1.453 23.203 5.388 9.281
5.400 0.226 7.747 4.640
1.391 21.502 9.802 16.912
7.569 3.191 6.681 3.674
1.055 3.499 7.699 7.416
5.326 15.121 11.799 0.843
7.385 13.408 6.591 0.009
23.804 13.155 11.892 1.619
4.863 14.704 2.622 7.471
11.746 6.337 8.150 2.153
0.925 1.653 7.740 4.150
8.092 3.250 1.536 12.600
7.359 9.348 7.008 6.629
29.679 5.405 6.062 15.704
9.105 8.139 17.931 2.431
0.302 15.244 18.522 3.751
6.827 3.338 3.021 4.720
8.365 1.232 8.665 7.970
8.206 14.481 11.032 14.762
1.825 4.731 3.271 3.240
2.258 13.092 1.334 14.953
5.571 12.515 10.175 7.664
2.997 11.327 12.148 2.490
4.423 1.941 18.654 3.031
8.016 7.635 6.397 9.052
3.134 5.893 3.690 10.548
17.491 5.166 8.693 5.822
9.324 4.821 8.595 10.186
2.137 18.310 15.795 2.668
6.069 2.815 17.102 1.480
17.848 8.605 8.633 18.225
5.010 5.857 11.161 1.088
1.980 6.206 0.386 1.799
18.401 7.946 12.828 15.514
2.471 2.635 3.679 2.067
5.111 3.909 15.148 5.485
1.100 12.867 10.301 2.722
19.244 6.690 17.976 3.928
10.190 12.057 4.608 1.409
0.423 1.243 20.236 7.212
1.354 12.324 8.478 3.326
14.801 6.942 6.476 15.821
10.906 19.727 16.662 3.611
6.174 0.230 20.140 13.447
12.774 9.766 6.987 3.163
2.561 6.671 13.786 1.228
3.557 7.927 12.217 0.253
6.305 17.764 2.065 6.568
2.459 6.896 4.838 9.394
4.794 1.957 7.908 7.022
14.953 18.116 0.712 8.606
8.689 10.574 3.728 5.295
5.127 8.427 5.671 11.568
28.228 0.149 0.533 8.837
2.436 17.278 4.729 6.024
19.924 14.354 10.554 11.339
9.747 1.975 2.793 20.261
8.114 1.015 3.997 14.690
7.827 4.835 11.377 9.617
10.383 23.317 4.481 3.000
13.647 1.208 1.163 7.302
7.644 6.648 6.563 14.082
8.530 26.518 5.079 6.677
5.868 1.234 3.391 3.296
5.683 6.279 1.136 11.999
4.399 3.728 5.994 13.721
10.595 6.352 13.279 0.575
1.193 7.259 24.262 7.147
7.960 7.993 3.478 10.867
4.637 5.209 13.498 5.832
19.273 7.297 0.737 0.362
3.361 6.230 7.058 22.910
14.523 3.590 19.524 4.742
5.194 3.718 3.049 18.264
0.396 16.629 5.828 6.818
12.303 10.304 8.975 1.527
5.329 18.561 12.805 13.733
0.812 3.759 7.738 13.684
4.044 8.661 5.508 5.974
3.134 4.069 5.550 5.159
0.089 17.618 5.073 12.967
6.898 8.412 2.620 1.568
0.094 8.038 0.988 4.504
9.848 0.990 2.055 3.410
10.065 9.367 21.946 16.368
20.381 11.733 23.682 2.600
2.551 4.283 11.034 12.685
14.941 2.194 17.910 13.192
4.919 6.892 4.611 20.836
2.809 3.794 11.952 15.049
10.184 9.866 1.852 2.168
0.208 6.786 1.223 9.509
4.353 15.005 14.287 2.555
13.179 0.678 7.927 10.386
9.087 0.632 0.362 13.179
5.622 11.631 15.246 10.525
7.787 14.230 15.544 1.803
0.479 4.492 1.803 9.276
5.828 2.363 9.750 3.634
7.512 3.297 5.443 0.603
4.149 10.783 6.967 2.595
4.481 4.939 5.028 8.181
9.639 12.926 6.220 1.693
6.821 10.017 15.205 15.474
8.428 0.161 6.237 3.931
7.194 1.319 2.462 3.008
4.233 3.852 10.435 20.008
5.498 8.357 2.326 1.532
4.162 9.612 33.199 12.070
15.640 15.450 13.178 14.633
20.910 11.951 7.029 9.918
12.323 20.681 2.708 7.519
10.684 7.178 6.612 0.608
5.210 3.683 4.220 4.786
7.164 19.127 22.171 12.970
5.623 22.740 3.023 7.702
2.264 9.834 2.847 6.023
17.846 7.869 4.151 13.983
10.008 6.655 2.883 4.263
10.050 1.542 13.407 2.113
34.826 14.292 1.628 12.722
9.318 12.464 6.533 7.697
19.274 6.517 2.765 2.382
27.050 5.871 10.470 0.539
7.353 8.532 17.205 16.842
1.466 9.804 6.533 2.921
3.849 11.910 11.960 8.663
4.438 12.149 11.685 1.805
9.249 16.745 6.179 1.493
13.933 15.779 4.496 9.004
11.139 3.960 0.075 5.719
12.987 14.420 10.065 7.548
2.062 5.449 1.104 2.858
10.153 2.431 1.542 3.591
11.234 7.505 17.298 12.754
4.844 0.693 0.145 4.861
17.357 17.543 6.746 0.449
5.767 1.803 15.226 3.249
0.373 9.250 1.908 28.717
0.046 16.515 12.859 16.000
16.307 6.235 17.798 17.040
15.720 15.371 4.090 0.679
21.278 18.213 6.489 6.221
2.122 5.821 8.126 3.271
12.462 9.831 8.181 5.226
0.790 2.015 6.394 4.260
1.818 4.951 5.212 2.009
3.860 6.545 0.439 6.192
8.453 6.091 19.060 7.525
8.486 6.039 2.936 5.662
5.910 12.403 3.110 5.399
17.062 6.024 4.893 3.157
6.832 9.642 8.916 8.578
3.141 1.228 2.869 6.973
3.057 10.359 5.528 5.768
1.567 12.649 21.703 4.967
2.709 4.585 7.635 4.016
1.560 8.971 7.060 11.199
6.255 0.728 14.360 0.386
6.748 9.411 0.780 5.980
3.645 6.741 8.845 7.554
14.982 13.489 22.203 1.373
28.380 21.818 3.772 15.668
6.755 0.873 11.872 6.263
18.984 21.842 13.398 1.110
18.307 2.290 15.303 3.722
9.724 4.633 18.112 1.648
3.260 11.092 3.725 16.417
12.666 12.204 19.882 7.836
4.559 18.733 17.989 5.642
20.785 6.160 8.740 4.928
7.902 1.843 7.451 13.670
2.337 18.082 18.824 9.600
8.459 4.963 9.557 8.263
17.887 8.861 1.138 9.684
0.270 2.750 9.451 0.712
7.460 2.737 3.442 3.986
4.382 2.928 14.974 4.608
0.996 3.593 2.990 8.923
2.578 6.748 20.852 7.234
14.345 1.561 4.862 0.692
13.088 0.259 8.328 8.358
7.556 5.331 10.780 0.143
12.361 13.059 7.366 16.168
13.556 3.990 8.824 7.465
3.471 6.766 2.035 6.979
11.447 12.833 11.147 2.852
13.308 0.705 1.032 2.933
10.778 18.619 8.259 8.367
5.481 8.943 0.432 16.466
6.599 8.550 13.377 0.377
3.255 3.406 21.088 7.493
0.067 9.180 1.994 10.100
4.357 10.048 11.244 9.549
3.736 7.573 18.668 13.558
2.929 10.511 5.509 2.080
11.991 6.434 12.956 20.204
2.660 2.999 9.334 14.824
9.792 6.661 3.465 4.440
5.851 4.343 23.785 8.586
1.973 13.574 12.100 0.183
3.681 12.367 0.904 6.752
13.982 8.107 9.420 3.047
5.374 11.201 13.795 0.871
17.283 6.901 2.427 11.491
3.509 16.769 19.469 1.061
7.406 3.259 12.796 9.212
18.018 8.022 3.275 9.369
4.698 14.910 14.506 5.339
2.997 6.227 12.881 2.167
3.297 5.327 8.717 18.526
4.499 4.099 0.648 5.424
2.902 3.803 1.687 6.239
16.302 6.506 8.217 6.356
14.887 3.921 4.571 13.323
4.567 3.505 7.914 15.006
5.107 10.950 10.628 1.496
7.894 5.675 3.068 5.044
9.462 11.766 3.499 2.910
6.058 15.265 4.181 1.960
15.538 3.313 5.916 20.197
3.444 1.222 2.640 0.661
14.045 6.172 16.126 4.536
3.942 13.646 8.812 1.781
6.750 14.613 2.162 14.868
0.093 0.833 4.651 7.747
1.859 3.659 7.187 6.344
2.405 3.209 2.688 29.420
4.826 7.849 12.910 2.136
19.105 7.626 4.225 4.304
8.084 2.524 14.041 5.399
7.366 1.047 20.442 10.138
2.297 2.885 4.451 2.978
8.684 10.419 2.431 5.507
2.446 4.408 6.082 10.229
7.433 15.437 8.954 7.415
30.412 11.084 13.829 11.878
12.516 1.775 18.749 13.613
14.344 12.316 6.005 1.554
5.654 0.579 4.186 1.448
4.180 18.762 5.080 10.296
15.040 10.259 10.369 13.333
11.718 16.022 2.102 0.411
5.764 1.158 10.146 10.576
9.209 14.861 9.390 20.412
10.159 12.580 3.713 9.925
9.304 3.106 6.987 0.115
9.034 3.875 3.370 13.218
2.011 2.319 8.875 13.719
4.986 8.265 1.231 1.873
14.545 2.928 21.088 4.954
0.157 2.900 4.934 12.655
19.486 23.714 7.246 0.087
10.212 14.118 3.402 4.844
7.797 5.462 8.445 1.809
19.589 4.839 0.793 1.720
3.333 2.607 11.677 5.086
4.406 9.641 15.020 3.555
2.441 1.381 7.210 12.520
6.929 2.456 12.810 4.562
1.320 4.454 1.068 12.531
13.989 1.149 26.650 18.268
2.189 5.009 2.407 1.119
0.150 11.376 1.314 1.830
7.541 12.559 12.419 3.421
3.609 2.409 18.357 1.946
7.428 4.268 11.058 5.247
2.205 3.307 0.603 8.460
1.054 4.638 10.657 15.304
1.861 13.420 4.414 7.259
5.896 2.365 4.117 17.020
2.874 6.292 3.772 10.858
10.776 3.388 9.387 0.823
9.250 9.345 5.421 13.256
9.895 10.276 12.400 23.370
5.696 12.253 1.517 3.920
7.710 3.650 4.119 5.733
3.446 2.734 2.332 1.721
6.127 16.121 7.226 16.551
7.579 0.127 6.903 3.768
15.342 5.453 15.122 16.608
8.997 5.166 3.565 4.668
5.557 6.088 9.076 6.899
1.054 9.917 5.849 25.765
4.894 3.964 19.128 6.633
6.140 6.445 4.055 13.697
9.400 0.461 8.385 7.072
15.823 10.290 0.832 12.173
7.588 15.410 7.976 7.511
9.033 7.079 7.571 18.175
3.967 4.132 0.588 6.353
5.585 2.112 7.449 0.294
4.934 0.005 2.053 8.214
4.767 4.390 19.352 9.614
2.401 1.842 4.067 2.925
2.707 17.391 6.449 8.868
16.826 2.679 3.320 11.576
14.187 10.098 3.188 6.359
9.237 0.200 5.943 1.888
1.442 13.867 6.377 4.366
4.893 11.662 29.000 7.583
0.010 0.415 1.374 2.495
12.679 18.922 0.647 8.898
3.035 9.856 14.465 16.889
3.399 9.023 11.325 0.127
2.260 14.363 8.235 2.773
4.587 12.873 7.358 17.821
3.670 3.686 5.965 15.917
21.421 3.439 3.143 7.299
13.982 4.448 11.107 3.950
6.195 9.527 9.690 6.866
7.709 3.615 2.346 13.011
5.487 0.737 19.276 4.737
17.291 5.981 0.367 20.705
5.465 2.620 2.251 0.707
0.624 7.049 21.470 9.863
1.649 2.404 10.415 10.746
16.454 1.710 3.040 0.241
7.403 4.888 0.311 4.198
5.443 12.652 11.764 4.191
29.502 15.840 12.062 5.264
9.809 4.075 21.388 6.677
2.808 8.509 1.123 18.460
13.050 12.903 25.607 16.260
6.477 3.471 5.228 17.063
4.653 15.558 11.694 4.118
5.041 2.330 5.143 7.686
2.399 6.167 3.556 4.275
2.104 9.452 5.649 13.077
10.351 4.843 1.854 1.059
6.568 18.291 0.940 6.954
11.826 0.978 7.085 5.324
4.610 4.130 11.247 22.508
11.231 5.709 14.758 4.226
0.396 2.571 19.802 16.544
10.014 15.940 0.847 14.174
3.684 0.873 6.242 14.173
8.564 7.438 9.042 4.169
0.257 5.983 3.972 5.472
8.452 16.468 6.651 3.139
14.117 9.012 14.213 11.651
9.186 6.314 4.382 6.929
1.038 20.371 1.212 9.571
12.612 18.126 14.332 15.090
13.599 18.436 9.706 1.040
2.093 1.168 4.285 9.143
6.457 14.699 10.549 1.547
14.251 12.558 4.453 0.704
8.124 1.270 4.490 2.598
4.015 2.621 2.199 17.308
13.484 1.226 17.184 8.014
4.377 4.933 0.774 17.198
11.171 9.622 2.125 19.008
20.945 2.359 11.904 20.830
11.194 2.571 11.940 11.956
2.134 10.142 3.187 2.352
3.947 2.316 4.257 10.799
11.153 6.036 6.683 9.298
3.912 10.196 16.262 10.377
12.348 6.833 23.188 16.055
2.010 0.387 14.335 18.274
1.239 3.132 0.289 3.174
14.382 6.506 5.703 9.166
0.559 12.941 3.980 12.196
14.466 0.287 3.843 2.366
6.285 2.159 13.065 8.146
21.466 6.003 12.497 2.601
10.342 17.991 16.592 8.062
8.423 9.844 14.285 15.117
1.613 8.712 9.535 5.113
1.887 21.402 0.429 0.716
11.498 17.139 5.996 3.115
6.766 16.529 12.003 0.923
3.749 14.622 14.263 11.686
2.056 2.154 0.449 0.360
4.494 10.227 9.751 8.026
9.310 10.434 3.153 6.872
6.528 6.372 14.781 2.856
12.849 0.245 2.984 6.909
1.614 10.235 8.217 8.995
7.426 13.273 10.235 13.299
13.319 14.287 10.506 7.066
8.698 13.651 6.724 5.454
2.749 12.794 7.010 6.325
1.133 2.146 1.257 5.708
0.596 3.923 0.337 2.055
10.995 12.604 7.624 1.395
13.647 21.589 2.348 3.106
0.789 0.416 2.716 15.758
1.320 16.118 17.252 2.757
0.081 21.207 6.188 11.638
19.102 0.687 11.174 12.956
3.159 5.866 9.095 2.854
7.648 15.766 3.858 7.079
16.219 3.749 9.140 8.917
10.835 13.449 7.874 11.378
1.775 14.129 2.507 7.404
2.811 23.989 9.664 16.434
2.547 16.072 7.523 3.104
9.885 10.217 17.938 19.265
2.776 11.766 18.421 0.248
2.026 5.790 2.316 20.324
3.969 12.581 1.734 7.005
11.545 0.913 5.049 3.509
1.799 17.098 0.986 0.186
3.824 13.465 3.009 0.419
2.803 15.820 2.277 13.976
9.329 0.697 6.854 9.276
18.426 9.364 5.278 11.927
2.889 7.049 10.164 16.831
1.155 7.584 8.403 4.826
4.452 8.151 10.450 1.806
1.383 24.062 12.385 7.922
11.794 3.775 4.966 2.604
4.103 3.138 10.708 9.668
12.680 14.126 4.039 0.201
21.259 6.322 12.339 7.682
1.389 7.451 6.574 6.872
8.950 7.245 1.469 7.680
17.938 7.638 1.990 1.613
1.663 12.694 10.439 1.425
7.641 2.433 0.811 9.649
29.077 3.017 2.409 0.644
6.469 12.045 4.382 6.517
4.535 0.662 5.402 7.009
9.181 5.027 3.641 0.727
3.065 1.961 4.042 1.491
12.293 4.843 0.288 6.537
3.687 0.357 5.229 6.913
7.233 6.896 8.976 5.452
3.032 20.918 4.783 12.105
3.075 7.422 6.022 10.713
13.867 4.009 6.314 7.549
18.401 5.447 4.248 3.545
4.040 0.886 12.564 15.341
5.781 12.763 16.372 1.901
4.267 19.562 1.993 4.980
4.517 2.034 12.970 2.855
12.394 0.921 3.425 2.432
18.968 1.509 8.815 4.077
5.659 7.368 10.557 8.074
17.634 7.782 4.748 6.480
6.844 8.513 1.828 1.455
9.330 3.104 3.098 26.394
3.430 7.816 12.441 0.078
5.385 2.934 6.964 0.254
1.692 11.956 5.420 3.237
17.799 15.957 12.326 4.199
9.736 28.482 13.415 9.389
21.686 10.648 4.826 17.818
6.343 1.976 8.763 18.435
26.939 0.139 6.980 15.683
8.929 18.969 5.079 2.033
0.009 5.770 9.769 7.552
4.833 18.336 3.546 12.672
12.948 0.439 6.128 2.517
12.392 3.596 9.002 16.974
13.433 7.610 20.342 2.063
3.905 9.685 31.607 10.794
13.177 2.997 2.891 1.430
9.243 16.212 4.535 3.470
11.453 2.788 5.739 10.840
11.295 4.269 5.999 4.156